TIME MEM VIRT RES SHR CPU FREE SWAP
551,3 747,0
0:00.04 0,4 222884 3364 2912 12,5 547,4 747,0
533,2 747,0
0:00.52 0,9 227108 7588 2912 11,8 529,6 747,0
517,3 747,0
0:01.01 1,4 231464 12072 2912 22,2 512,8 747,0
501,4 747,0
0:01.48 1,9 235820 16296 2912 30,0 498,1 747,0
482,9 747,0
0:01.96 2,4 240044 20520 2912 31,2 480,8 747,0
465,8 747,0
0:02.44 3,0 244664 25272 2912 27,8 462,9 747,0
449,7 747,0
0:02.91 3,5 249020 29496 2912 25,0 445,9 747,0
431,6 747,0
0:03.38 4,1 253376 33984 2912 16,7 429,8 747,0
415,0 747,0
0:03.87 4,6 257864 38472 2912 23,5 412,5 747,0
398,0 747,0
0:04.33 5,1 262220 42696 2912 18,8 395,7 747,0
381,3 747,0
0:04.80 5,6 266576 47184 2912 17,6 379,3 747,0
364,3 747,0
0:05.28 6,1 270932 51408 2912 20,0 361,8 747,0
347,2 747,0
0:05.76 6,7 275420 55896 2912 25,0 344,5 747,0
331,9 747,0
0:06.23 7,2 279776 60384 2912 26,7 327,4 747,0
314,9 747,0
0:06.70 7,7 284132 64608 2912 12,5 311,4 747,0
297,0 747,0
0:07.19 8,3 288752 69360 2912 18,8 294,0 747,0
279,1 747,0
0:07.65 8,8 292976 73584 2912 22,2 277,3 747,0
262,0 747,0
0:08.12 9,3 297332 77808 2912 21,1 259,6 747,0
246,7 747,0
0:08.59 9,8 301556 82032 2912 18,8 243,5 747,0
231,8 747,0
0:09.09 10,4 306176 86784 2912 37,5 225,5 747,0
214,9 747,0
0:09.55 10,9 310400 91008 2912 18,8 208,0 747,0
197,5 747,0
0:10.04 11,4 315020 95496 2912 33,3 190,9 747,0
180,3 747,0
0:10.52 11,9 319508 99984 2912 29,4 174,5 747,0
163,4 747,0
0:10.98 12,4 323732 104208 2912 23,5 157,5 747,0
146,1 747,0
0:11.46 13,0 328220 108696 2912 25,0 141,5 747,0
128,9 747,0
0:11.92 13,5 332444 112920 2912 17,6 123,1 747,0
111,7 747,0
0:12.42 14,0 337064 117672 2912 25,0 106,3 747,0
94,6 747,0
0:12.90 14,6 341684 122160 2912 25,0 89,0 747,0
77,5 747,0
0:13.36 15,1 345908 126384 2912 18,8 72,0 747,0
60,0 747,0
0:13.84 15,6 350396 130872 2912 27,8 55,3 747,0
45,2 747,0
0:14.29 16,1 354488 135096 2912 12,5 43,7 747,0
53,8 746,3
0:14.78 16,6 358976 139576 2904 22,2 68,1 746,3
60,7 746,3
0:15.28 17,2 363728 144180 2764 23,5 56,7 746,3
63,9 746,3
0:15.76 17,7 368084 148144 2504 23,5 55,5 746,3
63,6 745,3
0:16.23 18,2 372572 152632 2504 15,0 58,3 745,3
68,1 745,3
0:16.72 18,7 377060 157084 2468 25,0 67,2 745,3
0:17.19 19,3 381548 161572 2468 13,3 65,4 744,6
53,7 744,6
0:17.80 19,7 387092 165552 1756 23,8 60,1 722,4
58,9 722,4
0:18.74 19,8 395672 166428 1824 29,4 58,4 696,5
58,1 696,5
0:19.25 19,3 400292 161496 1808 31,2 54,5 662,8
80,2 662,8
0:19.72 18,8 404648 157332 1808 20,0 61,5 662,8
57,6 662,8
0:20.25 18,5 409400 154764 1808 27,8 65,1 641,1
66,5 641,1
0:20.74 18,6 413888 156096 1808 21,1 60,7 628,1
63,6 628,1
0:21.21 18,4 418244 154280 1808 29,4 61,2 606,8
62,9 606,8
0:21.67 18,3 422600 153796 1808 22,2 60,7 592,7
58,0 592,7
0:22.16 18,3 427088 153252 1804 26,7 57,6 578,1
59,5 578,1
62,9 555,1
0:22.64 18,4 431576 154008 1804 18,8 63,6 555,1
57,8 536,3
0:23.13 18,2 436064 152884 1804 20,0 60,0 536,3
53,3 513,9
0:23.61 18,4 440552 153924 1804 29,4 54,0 513,9
58,1 502,1
0:24.10 18,3 445040 153156 1804 25,0 59,8 502,1
62,7 478,1
0:24.57 18,4 449396 154212 1804 25,0 67,3 478,1
59,1 464,6
0:25.02 18,2 453620 152212 1804 18,8 60,6 464,6
58,1 449,8
0:25.49 18,3 457976 153072 1804 17,6 59,6 449,8
0:25.95 18,5 462332 154928 1804 25,0 58,4 427,3
61,1 427,3
55,6 398,1
0:26.43 18,6 466820 156200 1804 31,2 52,9 398,1
68,3 370,6
0:26.98 18,7 471836 156904 1804 25,0 68,3 370,6
61,2 359,3
0:27.51 18,1 476852 151592 1804 23,5 62,6 359,3
58,8 343,3
0:27.98 18,3 481076 153436 1804 25,0 60,4 343,3
53,4 320,6
0:28.45 18,7 485564 156872 1804 12,5 54,9 320,6
0:28.93 18,5 489920 155064 1804 22,2 65,3 304,6
66,0 304,6
57,5 288,6
0:29.43 19,1 494540 159816 1804 22,2 64,4 288,6
58,0 278,6
0:29.89 18,8 498896 157360 1804 22,2 59,4 278,6
54,2 254,6
0:30.42 18,9 503648 158096 1804 26,3 54,9 254,6
0:30.90 18,8 508136 157676 1804 26,7 55,6 243,8
54,7 243,8
63,4 227,1
0:31.39 19,1 512756 159968 1804 25,0 66,2 227,1
62,5 214,8
0:31.88 19,0 517112 159048 1804 31,6 64,5 214,8
62,7 197,9
0:32.34 19,0 521468 159188 1804 15,8 62,9 197,9
68,6 176,3
0:32.81 18,8 525824 157896 1804 18,8 67,5 176,3
63,8 164,2
0:33.29 19,4 530180 162384 1804 17,6 63,2 164,2
54,5 149,8
0:33.77 19,0 534668 159652 1804 25,0 55,9 149,8
0:34.23 19,2 539024 161040 1796 23,5 58,2 137,5
57,2 137,5
0:34.70 19,4 543248 162272 1796 16,7 65,9 115,4
64,4 115,4
61,0 99,7
0:35.18 19,1 547604 159848 1796 22,2 63,3 99,7
57,0 86,8
0:35.68 19,2 552224 161048 1796 27,8 58,6 86,8
65,2 63,9
0:36.15 19,4 556712 162716 1796 18,8 64,6 63,9
0:36.64 19,2 561200 161024 1796 20,0 61,6 52,3
58,2 52,3
52,5 38,0
0:37.12 19,4 565688 162588 1796 21,1 54,6 38,0
0:37.61 19,4 570176 163012 1796 25,0 55,5 25,1
56,3 25,1
0:38.09 19,7 574664 165228 1796 25,0 63,3 5,4
64,5 5,4
0:38.55 19,7 578888 165284 1792 33,3 42,1 188,9
177,0 189,1
156,9 189,1
156,8 189,1
140,7 189,1
140,4 189,1
124,7 189,1
124,7 189,1
103,4 189,1
102,6 189,1
87,5 189,1
86,7 189,1
70,4 189,1
67,9 189,1
54,7 188,7
54,3 188,6
65,0 171,2
61,1 171,2
67,3 154,3
64,1 154,3
68,1 139,3
66,5 139,3
52,6 120,6
71,9 120,6
58,9 120,6
55,4 120,6
54,9 108,8
52,3 108,8
61,4 87,6
59,7 87,6
58,6 73,6
60,5 73,6
57,2 60,8
60,0 60,8
61,8 38,8
62,3 38,8
58,8 28,2
58,2 28,2
59,8 9,7
61,4 9,7
52,1 0,0
52,6 0,0
227,5 241,3
228,1 241,3
212,4 241,3
211,8 241,3
196,7 241,3
197,3 241,3
182,2 241,3
183,1 241,3
166,4 241,3
167,1 241,3
152,5 241,3
151,7 241,3
135,9 241,3
136,8 241,3
121,1 241,3
123,7 241,3
106,3 241,3
109,5 241,3
91,5 241,3
92,4 241,3
75,8 241,3
77,2 241,3
60,8 241,3
62,4 241,3
70,3 222,5
70,5 222,5
53,7 222,5
56,5 222,5
58,3 211,8
57,6 211,8
52,6 196,5
54,0 196,5
74,4 171,1
71,6 171,1
73,9 149,5
74,4 149,5
57,6 149,5
59,1 149,5
59,0 134,4
58,2 134,4
57,2 121,6
55,9 121,6
64,6 100,1
63,9 100,1
61,8 88,2
65,1 88,2
60,7 76,7
60,2 76,7
72,8 51,1
72,7 51,1
57,2 51,1
58,4 51,1
59,0 28,7
59,0 28,7
54,8 3,1
52,6 3,1
53,5 0,0
53,0 0,0
346,8 369,2
346,8 369,2
324,6 369,2
326,0 369,2
306,8 369,2
307,6 369,2
292,0 369,2
292,6 369,2
279,4 369,2
278,5 369,2
265,6 369,2
264,8 369,2
250,9 369,2
253,8 369,2
238,1 369,2
236,4 369,2
223,0 369,2
224,2 369,2
208,9 369,2
208,3 369,2
195,1 369,2
195,7 369,2
181,7 369,2
185,0 369,2
169,0 369,2
169,6 369,2
158,1 369,2
156,5 369,2
144,2 369,2
147,6 369,2
133,9 369,2
131,7 369,2
119,6 369,2
118,8 369,2
104,2 369,2
104,9 369,2
92,8 369,2
91,3 369,2
77,7 369,2
78,3 369,2
63,5 369,3
64,9 369,3
49,7 369,3
51,9 369,3
62,9 355,9
58,3 355,9
58,7 347,4
55,4 347,4
54,2 336,8
52,4 336,8
58,3 318,3
59,7 318,3
59,5 306,3
58,9 306,3
64,1 292,2
62,5 292,2
61,8 280,7
62,6 280,7
56,2 267,4
56,7 267,4
57,0 253,8
60,0 253,8
56,6 243,2
57,2 243,2
63,4 225,6
62,9 225,6
64,3 210,4
62,1 210,4
66,5 197,4
65,8 197,4
60,8 185,4
64,2 185,4
61,4 173,8
59,9 173,8
52,7 163,1
54,3 163,1
53,0 144,6
53,9 144,6
73,4 118,2
72,1 118,2
59,4 118,2
58,6 118,2
59,7 105,1
61,2 105,1
59,2 92,9
61,5 92,9
55,4 80,9
56,8 80,9
53,3 71,9
55,2 71,9
58,2 54,3
59,3 54,3
65,7 36,9
63,6 36,9
54,8 24,4
64,2 24,4
52,2 11,6
64,7 11,6
64,2 0,0
61,9 0,0
60,2 0,0
42,2 736,2
691,9 736,2
683,6 736,2
686,3 736,2
682,6 736,2
685,1 736,2
682,4 736,2
685,1 736,2
682,5 736,2
685,1 736,2
682,5 736,2
685,2 736,2
682,4 736,2
685,1 736,2
682,4 736,2
685,2 736,2
682,4 736,2
685,0 736,2
682,1 736,2
684,8 736,2
682,1 736,2
684,9 736,2
682,1 736,2
684,8 736,2
682,1 736,2
684,8 736,2
682,0 736,2
684,8 736,2
681,9 736,2
684,7 736,2
682,0 736,2
684,7 736,2
682,0 736,2
684,8 736,2
682,0 736,2
684,7 736,2
682,0 736,2
684,7 736,2
681,9 736,2
683,7 736,2
682,0 736,2
682,9 736,2
682,0 736,2
684,5 736,2
681,9 736,2
684,7 736,2
681,9 736,2
684,7 736,2
681,9 736,2
682,9 736,2
681,9 736,2
683,0 736,2
681,9 736,2
683,6 736,2
681,8 736,2
684,6 736,2
681,8 736,2
684,5 736,2
681,8 736,2
684,6 736,2
681,8 736,2
684,5 736,2
681,8 736,2
682,8 736,2
681,8 736,2
682,8 736,2
681,8 736,2
683,3 736,2
681,6 736,2
682,6 736,2
681,6 736,2
684,4 736,2
682,8 736,2
684,4 736,2
682,8 736,2
684,4 736,2
682,8 736,2
684,4 736,2
682,8 736,2
684,4 736,2
682,8 736,2
684,4 736,2
682,2 736,7
683,8 736,7
682,3 736,7
683,8 736,7
682,2 736,7
683,8 736,7
681,7 736,7
683,7 736,7
681,1 736,7
683,7 736,7
681,6 736,7
683,7 736,7
674,6 736,7
675,6 736,7
676,4 736,7
675,8 736,7
676,4 736,7
675,8 736,7
675,3 736,7
675,7 736,7
675,9 736,7
675,3 736,7
674,5 736,7
675,3 736,7
674,3 736,7
675,3 736,7
674,2 736,7
675,3 736,7
674,9 736,7
675,3 736,7
674,2 736,7
675,3 736,7
674,2 736,7
675,2 736,7
674,2 736,7
675,1 736,7
674,1 736,7
675,1 736,7
674,2 736,7
675,2 736,7
674,8 736,7
675,3 736,7
674,8 736,7
675,3 736,7
674,8 736,7
675,3 736,7
674,8 736,7
675,3 736,7
674,5 736,7
675,3 736,7
674,8 736,7
675,2 736,7
674,8 736,7
675,3 736,7
674,8 736,7
675,2 736,7
674,2 736,7
675,1 736,7
674,1 736,7
675,1 736,7
674,1 736,7
675,1 736,7
674,3 736,7
674,8 736,7
674,1 736,7
674,9 736,7
674,1 736,7
675,0 736,7
674,1 736,7
675,1 736,7
674,1 736,7
674,9 736,7
673,5 736,7
674,0 736,7
673,5 736,7
673,4 736,7
673,5 736,7
674,0 736,7
673,5 736,7
673,9 736,7
674,0 736,7
673,5 736,7
673,4 736,7
673,6 736,7
673,3 736,7
673,5 736,7
674,0 736,7
673,5 736,7
674,1 736,7
675,0 736,7
674,1 736,7
675,0 736,7
674,0 736,7
675,0 736,7
674,1 736,7
675,1 736,7
674,7 736,7
675,2 736,7
674,7 736,7
675,7 736,7
674,7 736,7
675,2 736,7
674,7 736,7
675,4 736,7
674,7 736,7
675,7 736,7
674,7 736,7
675,0 736,7
674,7 736,7
675,0 736,7
674,7 736,7
675,7 736,7
674,7 736,7
675,7 736,7
674,7 736,7
675,7 736,7
674,7 736,7
675,2 736,7
674,7 736,7
675,4 736,7
674,7 736,7
675,8 736,7
674,7 736,7
675,7 736,7
674,7 736,7
675,6 736,7
674,7 736,7
675,7 736,7
674,7 736,7
675,7 736,7
674,7 736,7
675,8 736,7
674,7 736,7
675,7 736,7
674,7 736,7
675,7 736,7
674,7 736,7
675,8 736,7
674,7 736,7
675,7 736,7
674,7 736,7
675,7 736,7
674,7 736,7
675,8 736,7
674,7 736,7
675,3 736,7
674,7 736,7
675,7 736,7
674,7 736,7
675,7 736,7
676,9 736,7
675,7 736,7
676,9 736,7
675,2 736,7
676,9 736,7
675,7 736,7
676,9 736,7
676,0 736,7
676,9 736,7
675,6 736,7
674,7 736,7
675,3 736,7
675,8 736,7
675,2 736,7
675,8 736,7
675,4 736,7
676,0 736,7
675,4 736,7
676,9 736,7
675,2 736,7
674,8 736,7
675,7 736,7
675,9 736,7
675,2 736,7
675,3 736,7
675,4 736,7
675,8 736,7
675,4 736,7
674,8 736,7
675,7 736,7
675,9 736,7
675,2 736,7
675,8 736,7
675,2 736,7
675,9 736,7
675,2 736,7
675,9 736,7
675,2 736,7
674,8 736,7
675,2 736,7
674,8 736,7
675,2 736,7
674,8 736,7
675,2 736,7
674,8 736,7
675,1 736,7
674,7 736,7
675,2 736,7
675,9 736,7
675,3 736,7
675,4 736,7
675,2 736,7
675,8 736,7
675,2 736,7
675,8 736,7
675,2 736,7
675,8 736,7
675,2 736,7
675,8 736,7
675,2 736,7
674,7 736,7
675,2 736,7
674,6 736,7
675,2 736,7
674,7 736,7
675,2 736,7
674,7 736,7
675,2 736,7
674,6 736,7
675,2 736,7
674,7 736,7
675,2 736,7
674,7 736,7
675,2 736,7
674,7 736,7
675,2 736,7
674,6 736,7
675,1 736,7
674,6 736,7
675,2 736,7
674,7 736,7
675,2 736,7
674,7 736,7
675,2 736,7
674,8 736,7
675,2 736,7
674,8 736,7
675,2 736,7
674,7 736,7
675,2 736,7
674,7 736,7
675,2 736,7
674,7 736,7
675,2 736,7
674,7 736,7
675,2 736,7
674,7 736,7
675,2 736,7
674,7 736,7
675,2 736,7
674,7 736,7
675,2 736,7
674,7 736,7
675,2 736,7
674,7 736,7
675,2 736,7
674,7 736,7
675,2 736,7
674,7 736,7
675,0 736,7
674,7 736,7
675,2 736,7
674,7 736,7
675,2 736,7
674,7 736,7
675,2 736,7
674,7 736,7
675,2 736,7
674,7 736,7
675,2 736,7
