TIME MEM VIRT RES SHR CPU FREE SWAP
0:00.07 0,4 223148 3628 2908 31,6 545,9 747,0
0:00.54 0,9 227240 7852 2908 27,8 532,8 747,0
0:01.01 1,4 231464 12072 2908 22,2 512,8 747,0
0:01.49 1,9 235688 16296 2908 26,7 496,6 747,0
0:01.97 2,4 240044 20520 2908 29,4 479,3 747,0
0:02.45 3,0 244532 25008 2908 29,4 463,8 747,0
0:02.92 3,5 248756 29232 2908 25,0 445,2 747,0
0:03.41 4,1 253376 33984 2908 26,3 429,3 747,0
0:03.88 4,6 257732 38208 2908 22,2 413,0 747,0
0:04.35 5,1 262088 42696 2908 33,3 397,2 747,0
0:04.81 5,6 266444 46920 2908 18,8 378,8 747,0
0:05.29 6,1 270800 51408 2908 31,2 363,5 747,0
0:05.76 6,6 275156 55632 2908 13,3 345,0 747,0
0:06.24 7,2 279644 60120 2908 25,0 328,0 747,0
0:06.72 7,7 284132 64608 2908 27,8 310,6 747,0
0:07.19 8,2 288488 69096 2908 25,0 293,7 747,0
0:07.64 8,7 292580 73056 2908 23,5 276,3 747,0
0:08.11 9,2 296936 77544 2908 16,7 259,8 747,0
0:08.60 9,8 301424 82032 2908 21,1 242,9 747,0
0:09.07 10,3 305780 86256 2908 17,6 226,1 747,0
0:09.57 10,9 310400 91008 2908 23,5 208,7 747,0
0:10.05 11,4 314756 95232 2908 22,2 191,5 747,0
0:10.51 11,9 319112 99720 2908 17,6 173,9 747,0
0:10.99 12,4 323468 103944 2908 25,0 156,8 747,0
0:11.46 12,9 327824 108432 2908 17,6 140,0 747,0
0:11.95 13,5 332312 112920 2908 33,3 122,5 747,0
0:12.42 14,0 336668 117144 2908 27,8 105,5 747,0
0:12.90 14,5 341156 121632 2908 27,8 88,4 747,0
0:13.35 15,0 345380 125856 2908 23,5 71,3 747,0
0:13.82 15,5 349604 130080 2908 25,0 54,7 747,0
0:14.30 16,0 354092 134568 2908 29,4 42,4 747,0
0:14.78 16,6 358448 138972 2824 25,0 66,5 746,3
0:15.29 17,1 363200 143612 2720 18,8 58,4 746,3
0:15.77 17,6 367556 147636 2520 29,4 54,9 746,3
0:16.25 18,1 371912 152124 2520 26,3 57,8 745,3
0:16.73 18,7 376400 156596 2504 26,7 66,6 745,3
0:17.20 19,2 380888 161084 2504 18,8 65,2 744,6
0:17.79 19,7 386168 165044 1724 23,8 60,2 722,4
0:18.73 20,7 394748 173824 1852 29,4 58,7 696,5
0:19.24 21,3 399368 178296 1836 25,0 53,9 662,8
0:19.72 21,8 403856 182784 1836 18,8 62,2 662,8
0:20.25 22,4 408608 187536 1836 27,8 64,6 641,1
0:20.72 22,9 412832 191760 1836 20,0 61,3 628,1
0:21.20 22,7 417320 190104 1836 17,6 61,8 606,8
0:21.67 23,2 421676 194328 1836 31,2 61,2 592,7
0:22.15 23,7 426032 198816 1836 20,0 58,1 578,1
0:22.64 24,2 430388 203304 1836 26,7 64,5 555,1
0:23.13 23,0 435008 192740 1836 22,2 59,4 536,3
0:23.59 23,1 439232 193464 1836 21,1 54,5 513,9
0:24.07 23,0 443720 192644 1836 27,8 58,7 502,1
0:24.55 23,2 448076 194108 1836 20,0 62,2 478,1
0:25.02 22,9 452432 191824 1836 25,0 59,7 464,6
0:25.50 22,8 456788 190864 1836 37,5 58,8 449,8
0:25.95 21,5 460880 179852 1836 31,2 57,8 427,3
0:26.41 21,6 465104 181300 1836 17,6 52,3 398,1
0:26.97 21,7 470252 182032 1836 18,8 68,4 370,6
0:27.49 21,1 475136 176748 1836 11,1 61,8 359,3
0:27.96 20,6 479360 172392 1836 16,7 62,0 343,3
0:28.47 20,1 484112 168332 1836 29,4 55,5 320,6
0:28.92 19,6 488204 164036 1836 18,8 66,8 304,6
0:29.41 20,1 492824 168524 1836 17,6 64,9 288,6
0:29.88 19,8 497180 166116 1836 15,8 58,6 278,6
0:30.40 19,9 501932 166972 1836 26,3 52,6 254,6
0:30.90 19,9 506420 166692 1836 20,0 54,1 243,8
0:31.39 20,1 510908 168700 1836 33,3 63,0 227,1
0:31.86 20,0 515132 168036 1836 15,8 63,9 214,8
0:32.37 20,1 519884 168468 1836 23,5 60,1 197,9
0:32.85 19,9 524372 167068 1836 35,3 65,2 176,3
0:33.32 20,1 528596 168420 1836 25,0 58,2 164,2
0:33.77 20,1 532820 168704 1836 12,5 56,7 149,8
0:34.23 20,3 537044 169832 1828 23,5 60,6 137,5
0:34.71 20,4 541268 171324 1828 29,4 65,0 115,4
0:35.18 20,1 545624 168944 1828 23,5 62,6 99,7
0:35.68 20,3 550112 170020 1828 23,5 59,2 86,8
0:36.15 20,5 554468 171644 1828 20,0 63,0 63,9
0:36.62 20,3 558956 169788 1828 15,8 58,8 52,3
0:37.11 20,5 563444 171584 1828 21,1 53,9 38,0
0:37.60 20,5 567932 172068 1828 20,0 54,9 25,1
0:38.07 20,8 572288 174028 1828 20,0 62,4 5,4
0:38.54 20,8 576512 174028 1824 18,8 42,1 188,9
0:40.24 22,5 591164 188376 1536 37,5 156,3 189,1
0:40.82 23,1 596576 193920 1536 33,3 142,2 189,1
0:41.41 23,8 601988 199200 1536 31,2 125,3 189,1
0:42.00 24,4 607400 204480 1536 31,2 102,9 189,1
0:42.60 25,0 612944 210024 1536 33,3 87,0 189,1
0:43.20 25,7 618488 215832 1536 29,4 71,1 189,1
0:43.82 26,4 624296 221376 1536 33,3 55,6 188,7
0:44.42 26,8 629840 224820 1536 29,4 64,2 171,2
0:45.03 26,7 635516 223660 1536 35,3 66,7 154,3
0:45.63 27,0 641060 226360 1536 35,3 68,7 139,3
0:46.25 27,0 646736 226740 1536 31,2 53,2 120,6
0:46.82 26,9 652148 225960 1536 25,0 58,3 120,6
0:47.44 27,1 657692 227420 1536 37,5 55,5 108,8
0:48.01 27,1 662972 226924 1536 25,0 60,9 87,6
0:48.62 27,0 668648 226144 1536 29,4 59,4 73,6
0:49.21 27,1 674060 227292 1536 35,3 56,7 60,8
0:49.81 27,3 679604 228880 1536 27,8 65,0 38,8
0:50.40 27,1 685148 227108 1536 27,8 57,8 28,2
0:51.01 27,0 690560 226400 1536 38,9 63,1 9,7
0:51.60 27,2 695840 227964 1536 31,6 53,5 0,0
229,0 241,3
213,3 241,3
198,2 241,3
181,6 241,3
168,1 241,3
151,0 241,3
137,3 241,3
122,6 241,3
107,9 241,3
90,9 241,3
76,4 241,3
63,1 241,3
69,6 222,5
53,1 222,5
56,1 211,8
53,2 196,5
71,0 171,1
75,3 149,5
58,3 149,5
57,6 134,4
56,5 121,6
62,3 100,1
61,8 88,2
59,4 76,7
72,0 51,1
56,6 51,1
59,0 28,7
54,2 3,1
54,4 0,0
346,8 369,2
325,2 369,2
306,2 369,2
293,4 369,2
278,0 369,2
264,1 369,2
250,4 369,2
238,7 369,2
222,3 369,2
209,8 369,2
198,6 369,2
182,2 369,2
170,5 369,2
158,7 369,2
144,8 369,2
133,1 369,2
118,2 369,2
105,7 369,2
92,0 369,2
79,2 369,2
64,1 369,3
51,1 369,3
57,8 355,9
56,2 347,4
53,0 336,8
58,9 318,3
62,3 306,3
65,2 292,2
61,1 280,7
57,6 267,4
57,6 253,8
58,1 243,2
64,4 225,6
62,8 210,4
64,4 197,4
62,5 185,4
60,6 173,8
53,8 163,1
52,4 144,6
72,6 118,2
58,0 118,2
60,7 105,1
60,8 92,9
55,9 80,9
53,9 71,9
59,2 54,3
65,1 36,9
63,6 24,4
65,3 11,6
61,4 0,0
42,2 736,2
684,0 736,2
682,9 736,2
683,0 736,2
682,9 736,2
682,9 736,2
682,8 736,2
682,4 736,2
682,6 736,2
682,6 736,2
682,5 736,2
682,7 736,2
682,3 736,2
682,6 736,2
682,5 736,2
682,1 736,2
682,4 736,2
682,1 736,2
682,5 736,2
682,7 736,2
682,0 736,2
681,9 736,2
681,9 736,2
681,9 736,2
682,0 736,2
681,9 736,2
681,9 736,2
681,8 736,2
681,8 736,2
681,8 736,2
681,7 736,2
681,8 736,2
681,8 736,2
681,7 736,2
682,1 736,2
682,1 736,2
681,6 736,2
681,7 736,2
681,6 736,2
681,6 736,2
681,6 736,2
681,0 736,7
681,0 736,7
681,0 736,7
681,0 736,7
681,0 736,7
680,9 736,7
674,6 736,7
675,6 736,7
675,3 736,7
674,0 736,7
674,2 736,7
673,6 736,7
673,7 736,7
673,7 736,7
673,6 736,7
673,6 736,7
673,6 736,7
673,5 736,7
673,5 736,7
673,5 736,7
675,1 736,7
675,1 736,7
675,1 736,7
675,1 736,7
674,9 736,7
675,0 736,7
675,1 736,7
675,1 736,7
673,5 736,7
673,5 736,7
673,5 736,7
673,5 736,7
673,5 736,7
673,4 736,7
673,4 736,7
673,5 736,7
673,5 736,7
673,4 736,7
673,5 736,7
673,5 736,7
673,5 736,7
673,4 736,7
673,4 736,7
673,4 736,7
673,4 736,7
673,4 736,7
673,4 736,7
673,4 736,7
675,0 736,7
675,1 736,7
675,0 736,7
675,0 736,7
675,0 736,7
675,2 736,7
675,7 736,7
675,0 736,7
675,0 736,7
675,0 736,7
675,0 736,7
675,1 736,7
675,1 736,7
675,0 736,7
675,1 736,7
675,0 736,7
675,1 736,7
675,0 736,7
675,0 736,7
675,0 736,7
675,1 736,7
675,0 736,7
675,0 736,7
675,0 736,7
675,0 736,7
675,0 736,7
675,0 736,7
675,0 736,7
675,2 736,7
675,1 736,7
675,2 736,7
675,0 736,7
675,0 736,7
675,0 736,7
674,9 736,7
675,0 736,7
675,2 736,7
675,0 736,7
675,0 736,7
675,1 736,7
675,0 736,7
675,0 736,7
675,0 736,7
675,2 736,7
675,1 736,7
675,1 736,7
675,0 736,7
675,1 736,7
675,0 736,7
675,0 736,7
675,0 736,7
675,0 736,7
675,0 736,7
675,0 736,7
675,0 736,7
675,2 736,7
675,0 736,7
675,0 736,7
675,0 736,7
675,0 736,7
675,0 736,7
674,9 736,7
675,0 736,7
675,0 736,7
675,0 736,7
675,0 736,7
675,0 736,7
675,0 736,7
675,0 736,7
675,0 736,7
675,0 736,7
675,0 736,7
675,0 736,7
675,0 736,7
675,0 736,7
675,0 736,7
675,0 736,7
675,0 736,7
675,0 736,7
675,0 736,7
675,0 736,7
675,0 736,7
675,0 736,7
675,0 736,7
675,0 736,7
675,0 736,7
675,0 736,7
668,4 736,7
668,4 736,7
668,4 736,7
668,3 736,7
668,4 736,7
668,3 736,7
668,3 736,7
668,3 736,7
668,3 736,7
668,3 736,7
667,1 736,7
667,1 736,7
667,1 736,7
666,4 736,7
666,4 736,7
666,3 736,7
666,4 736,7
661,6 736,7
661,6 736,7
661,6 736,7
661,6 736,7
661,6 736,7
661,6 736,7
661,5 736,7
661,6 736,7
661,6 736,7
661,6 736,7
661,6 736,7
661,5 736,7
661,6 736,7
653,0 736,7
652,6 736,7
653,1 736,7
652,6 736,9
652,6 736,9
652,6 736,9
652,7 736,9
652,7 736,9
652,7 736,9
652,7 736,9
652,6 736,9
652,7 736,9
652,6 736,9
652,6 736,9
652,6 736,9
652,6 736,9
652,7 736,9
652,7 736,9
652,6 736,9
652,7 736,9
652,6 736,9
652,7 736,9
652,6 736,9
652,6 736,9
652,6 736,9
652,7 736,9
652,6 736,9
652,6 736,9
652,6 736,9
652,6 736,9
652,6 736,9
652,6 736,9
652,5 736,9
652,5 736,9
652,5 736,9
652,6 736,9
652,5 736,9
652,5 736,9
652,5 736,9
652,6 736,9
652,4 736,9
652,5 736,9
652,6 736,9
652,6 736,9
652,6 736,9
652,5 736,9
652,6 736,9
652,5 736,9
652,5 736,9
652,5 736,9
652,5 736,9
652,6 736,9
652,6 736,9
652,5 736,9
652,5 736,9
652,6 736,9
652,6 736,9
652,5 736,9
652,5 736,9
652,5 736,9
652,5 736,9
652,5 736,9
652,5 736,9
652,6 736,9
652,5 736,9
652,5 736,9
652,5 736,9
652,5 736,9
652,5 736,9
652,5 736,9
652,6 736,9
652,6 736,9
652,6 736,9
652,5 736,9
652,6 736,9
652,6 736,9
652,5 736,9
652,6 736,9
652,6 736,9
652,5 736,9
652,6 736,9
652,6 736,9
652,6 736,9
652,6 736,9
652,6 736,9
652,6 736,9
652,6 736,9
652,6 736,9
652,6 736,9
652,6 736,9
652,6 736,9
652,6 736,9
652,6 736,9
652,6 736,9
652,6 736,9
652,5 736,9
652,6 736,9
652,6 736,9
652,6 736,9
652,5 736,9
652,6 736,9
652,6 736,9
652,6 736,9
652,5 736,9
652,5 736,9
652,5 736,9
652,5 736,9
652,5 736,9
652,6 736,9
652,5 736,9
652,5 736,9
652,6 736,9
652,5 736,9
652,5 736,9
652,5 736,9
652,6 736,9
652,5 736,9
652,5 736,9
652,5 736,9
652,6 736,9
653,1 736,9
653,2 736,9
653,1 736,9
653,2 736,9
653,2 736,9
653,1 736,9
653,2 736,9
653,1 736,9
653,2 736,9
653,1 736,9
653,1 736,9
653,1 736,9
653,1 736,9
653,1 736,9
653,1 736,9
652,4 736,9
652,4 736,9
652,6 736,9
653,1 736,9
653,1 736,9
653,1 736,9
653,1 736,9
653,1 736,9
653,1 736,9
653,1 736,9
653,1 736,9
653,1 736,9
653,1 736,9
652,7 736,9
652,5 736,9
652,9 736,9
652,5 736,9
652,5 736,9
652,5 736,9
653,1 736,9
653,1 736,9
653,1 736,9
653,1 736,9
653,1 736,9
653,1 736,9
653,1 736,9
653,1 736,9
653,1 736,9
653,1 736,9
653,2 736,9
653,2 736,9
653,1 736,9
653,2 736,9
653,1 736,9
653,1 736,9
653,1 736,9
653,1 736,9
653,1 736,9
653,1 736,9
653,1 736,9
653,1 736,9
653,1 736,9
653,1 736,9
653,1 736,9
653,1 736,9
653,1 736,9
653,1 736,9
653,1 736,9
653,1 736,9
653,1 736,9
653,1 736,9
653,1 736,9
653,1 736,9
653,1 736,9
653,1 736,9
653,1 736,9
653,1 736,9
653,1 736,9
653,1 736,9
653,1 736,9
653,1 736,9
653,1 736,9
653,1 736,9
653,1 736,9
653,1 736,9
653,1 736,9
653,1 736,9
653,1 736,9
653,1 736,9
653,1 736,9
653,1 736,9
653,1 736,9
653,1 736,9
653,1 736,9
653,0 736,9
654,1 736,9
653,1 736,9
653,1 736,9
653,1 736,9
653,1 736,9
653,1 736,9
653,1 736,9
653,6 736,9
652,6 736,9
652,4 736,9
652,5 736,9
652,4 736,9
652,4 736,9
652,4 736,9
652,4 736,9
652,4 736,9
652,4 736,9
652,4 736,9
652,4 736,9
652,4 736,9
652,5 736,9
652,5 736,9
652,5 736,9
652,5 736,9
652,5 736,9
652,4 736,9
652,4 736,9
652,5 736,9
652,5 736,9
652,5 736,9
652,5 736,9
652,5 736,9
652,4 736,9
652,5 736,9
652,4 736,9
652,5 736,9
652,5 736,9
652,5 736,9
652,5 736,9
652,4 736,9
652,4 736,9
652,5 736,9
652,5 736,9
652,5 736,9
652,4 736,9
652,5 736,9
652,5 736,9
652,5 736,9
652,5 736,9
652,5 736,9
652,4 736,9
652,5 736,9
652,4 736,9
652,5 736,9
652,5 736,9
652,5 736,9
652,4 736,9
652,5 736,9
652,4 736,9
652,4 736,9
652,4 736,9
652,5 736,9
652,4 736,9
652,4 736,9
652,4 736,9
652,4 736,9
652,4 736,9
652,4 736,9
652,4 736,9
652,4 736,9
653,2 736,9
652,5 736,9
652,3 736,9
652,5 736,9
652,4 736,9
653,0 736,9
653,0 736,9
653,0 736,9
652,6 736,9
652,4 736,9
652,4 736,9
652,4 736,9
652,4 736,9
652,4 736,9
652,6 736,9
652,6 736,9
652,6 736,9
652,5 736,9
652,4 736,9
653,0 736,9
652,3 736,9
652,4 736,9
652,4 736,9
652,3 736,9
652,5 736,9
652,3 736,9
652,4 736,9
652,4 736,9
652,3 736,9
652,4 736,9
652,4 736,9
652,4 736,9
652,4 736,9
652,5 736,9
652,5 736,9
652,4 736,9
652,5 736,9
652,5 736,9
652,3 736,9
652,4 736,9
652,4 736,9
652,4 736,9
652,5 736,9
652,5 736,9
652,4 736,9
652,4 736,9
652,4 736,9
652,4 736,9
652,5 736,9
652,4 736,9
652,4 736,9
652,4 736,9
652,4 736,9
652,5 736,9
652,3 736,9
652,3 736,9
653,1 736,9
653,1 736,9
653,1 736,9
653,1 736,9
653,4 736,9
653,0 736,9
653,0 736,9
653,1 736,9
653,1 736,9
653,0 736,9
653,1 736,9
653,1 736,9
653,1 736,9
653,1 736,9
653,1 736,9
653,1 736,9
653,0 736,9
652,4 736,9
652,5 736,9
652,3 736,9
652,4 736,9
652,4 736,9
652,3 736,9
652,4 736,9
652,4 736,9
652,4 736,9
652,4 736,9
652,4 736,9
652,3 736,9
652,3 736,9
652,3 736,9
652,4 736,9
652,4 736,9
652,4 736,9
652,3 736,9
652,4 736,9
652,4 736,9
652,4 736,9
652,4 736,9
652,4 736,9
652,4 736,9
652,4 736,9
652,3 736,9
652,3 736,9
652,3 736,9
652,4 736,9
652,3 736,9
652,4 736,9
652,3 736,9
652,4 736,9
652,4 736,9
652,3 736,9
652,3 736,9
652,4 736,9
652,3 736,9
652,3 736,9
652,4 736,9
652,3 736,9
652,3 736,9
652,3 736,9
653,0 736,9
652,3 736,9
652,9 736,9
652,3 736,9
652,4 736,9
652,4 736,9
652,9 736,9
652,3 736,9
652,3 736,9
653,1 736,9
652,3 736,9
652,3 736,9
652,3 736,9
652,3 736,9
652,2 736,9
652,2 736,9
652,3 736,9
652,3 736,9
652,2 736,9
652,2 736,9
652,2 736,9
652,3 736,9
652,3 736,9
652,3 736,9
652,2 736,9
651,9 736,9
651,6 736,9
651,6 736,9
651,9 736,9
652,3 736,9
652,3 736,9
652,3 736,9
652,3 736,9
652,3 736,9
652,3 736,9
652,2 736,9
652,3 736,9
652,3 736,9
652,2 736,9
652,2 736,9
652,3 736,9
652,3 736,9
652,3 736,9
652,2 736,9
652,3 736,9
652,3 736,9
652,2 736,9
652,3 736,9
652,3 736,9
652,3 736,9
652,3 736,9
652,2 736,9
652,3 736,9
652,3 736,9
652,3 736,9
652,2 736,9
652,3 736,9
652,2 736,9
652,2 736,9
652,3 736,9
652,3 736,9
652,3 736,9
654,0 736,9
654,1 736,9
654,1 736,9
654,0 736,9
654,1 736,9
654,1 736,9
654,1 736,9
654,0 736,9
654,0 736,9
654,1 736,9
654,1 736,9
654,1 736,9
654,0 736,9
654,1 736,9
654,1 736,9
654,1 736,9
654,1 736,9
654,1 736,9
654,1 736,9
654,1 736,9
654,0 736,9
654,0 736,9
654,1 736,9
654,1 736,9
654,1 736,9
654,0 736,9
654,0 736,9
655,2 736,9
655,2 736,9
655,2 736,9
654,0 736,9
654,0 736,9
655,2 736,9
655,2 736,9
655,2 736,9
655,3 736,9
655,2 736,9
654,7 736,9
654,3 736,9
654,1 736,9
654,1 736,9
654,0 736,9
655,2 736,9
655,2 736,9
655,2 736,9
655,2 736,9
655,2 736,9
655,2 736,9
655,2 736,9
655,2 736,9
654,1 736,9
654,0 736,9
654,0 736,9
655,2 736,9
655,2 736,9
655,2 736,9
654,2 736,9
655,2 736,9
655,2 736,9
655,3 736,9
654,1 736,9
654,8 736,9
655,3 736,9
655,2 736,9
654,1 736,9
654,0 736,9
655,2 736,9
655,2 736,9
655,2 736,9
655,2 736,9
655,2 736,9
655,2 736,9
655,2 736,9
655,2 736,9
655,3 736,9
655,2 736,9
655,3 736,9
655,2 736,9
655,2 736,9
655,3 736,9
655,2 736,9
655,2 736,9
655,2 736,9
655,2 736,9
655,2 736,9
655,2 736,9
655,2 736,9
655,2 736,9
655,2 736,9
655,2 736,9
655,2 736,9
655,2 736,9
655,2 736,9
655,2 736,9
655,3 736,9
655,3 736,9
655,2 736,9
655,2 736,9
655,2 736,9
655,2 736,9
655,2 736,9
655,2 736,9
655,2 736,9
655,2 736,9
655,2 736,9
655,2 736,9
655,2 736,9
655,2 736,9
655,2 736,9
655,2 736,9
655,2 736,9
655,2 736,9
655,3 736,9
655,2 736,9
655,2 736,9
655,2 736,9
655,2 736,9
655,1 736,9
655,2 736,9
655,2 736,9
655,2 736,9
655,1 736,9
655,2 736,9
655,1 736,9
655,1 736,9
655,1 736,9
655,1 736,9
655,1 736,9
655,1 736,9
655,0 736,9
655,2 736,9
655,1 736,9
655,1 736,9
655,1 736,9
655,1 736,9
655,1 736,9
655,1 736,9
655,1 736,9
655,1 736,9
655,1 736,9
655,1 736,9
655,1 736,9
655,1 736,9
655,1 736,9
655,1 736,9
655,1 736,9
655,1 736,9
655,1 736,9
655,1 736,9
655,1 736,9
655,1 736,9
655,1 736,9
655,1 736,9
655,1 736,9
655,1 736,9
655,1 736,9
655,1 736,9
655,1 736,9
655,1 736,9
655,1 736,9
655,1 736,9
655,1 736,9
655,1 736,9
655,1 736,9
655,0 736,9
655,1 736,9
655,1 736,9
655,1 736,9
655,1 736,9
655,1 736,9
655,1 736,9
655,1 736,9
655,2 736,9
655,1 736,9
655,1 736,9
655,1 736,9
655,2 736,9
655,1 736,9
655,1 736,9
655,1 736,9
655,1 736,9
655,1 736,9
655,1 736,9
655,1 736,9
655,1 736,9
655,1 736,9
655,1 736,9
655,1 736,9
655,2 736,9
655,1 736,9
655,1 736,9
655,1 736,9
655,1 736,9
655,1 736,9
655,1 736,9
655,1 736,9
655,2 736,9
655,1 736,9
655,1 736,9
655,1 736,9
655,1 736,9
655,1 736,9
655,1 736,9
655,1 736,9
655,1 736,9
655,1 736,9
655,1 736,9
655,1 736,9
655,1 736,9
655,1 736,9
655,1 736,9
655,1 736,9
655,1 736,9
655,1 736,9
655,1 736,9
655,1 736,9
655,1 736,9
655,1 736,9
655,1 736,9
655,1 736,9
655,1 736,9
655,1 736,9
655,1 736,9
654,9 736,9
654,9 736,9
654,9 736,9
654,9 736,9
654,9 736,9
654,9 736,9
654,9 736,9
654,9 736,9
654,9 736,9
654,9 736,9
654,9 736,9
654,9 736,9
654,9 736,9
654,9 736,9
655,0 736,9
655,1 736,9
654,9 736,9
654,9 736,9
654,9 736,9
654,9 736,9
654,9 736,9
654,9 736,9
655,1 736,9
655,0 736,9
654,9 736,9
654,9 736,9
654,9 736,9
654,9 736,9
654,9 736,9
654,9 736,9
654,9 736,9
654,9 736,9
654,9 736,9
654,9 736,9
654,9 736,9
654,9 736,9
654,9 736,9
654,9 736,9
654,9 736,9
654,9 736,9
654,9 736,9
654,9 736,9
654,9 736,9
654,9 736,9
654,9 736,9
654,8 736,9
654,9 736,9
654,9 736,9
654,9 736,9
654,8 736,9
653,2 736,9
654,8 736,9
654,8 736,9
654,9 736,9
654,8 736,9
654,6 736,9
654,9 736,9
654,7 736,9
654,6 736,9
654,7 736,9
653,3 736,9
654,9 736,9
654,9 736,9
654,9 736,9
654,9 736,9
654,9 736,9
654,7 736,9
654,9 736,9
653,3 736,9
653,3 736,9
653,3 736,9
653,3 736,9
653,3 736,9
653,3 736,9
653,2 736,9
653,3 736,9
653,3 736,9
653,3 736,9
653,3 736,9
653,3 736,9
653,3 736,9
653,3 736,9
653,3 736,9
653,2 736,9
653,3 736,9
653,3 736,9
653,2 736,9
653,3 736,9
653,3 736,9
653,3 736,9
653,3 736,9
653,3 736,9
653,3 736,9
653,3 736,9
653,3 736,9
653,3 736,9
653,3 736,9
653,3 736,9
653,2 736,9
653,3 736,9
653,3 736,9
653,3 736,9
653,3 736,9
653,3 736,9
653,3 736,9
653,2 736,9
653,3 736,9
653,2 736,9
653,3 736,9
653,3 736,9
653,3 736,9
653,3 736,9
653,3 736,9
653,3 736,9
653,3 736,9
653,3 736,9
653,3 736,9
653,3 736,9
653,3 736,9
653,2 736,9
653,3 736,9
653,3 736,9
653,3 736,9
653,3 736,9
653,3 736,9
653,3 736,9
653,3 736,9
653,3 736,9
653,4 736,9
653,3 736,9
653,3 736,9
653,3 736,9
653,4 736,9
653,3 736,9
653,3 736,9
653,4 736,9
653,4 736,9
653,3 736,9
653,4 736,9
653,4 736,9
653,3 736,9
653,4 736,9
653,3 736,9
653,3 736,9
653,3 736,9
653,3 736,9
653,3 736,9
653,4 736,9
653,4 736,9
653,4 736,9
653,3 736,9
653,4 736,9
653,3 736,9
653,3 736,9
653,3 736,9
653,3 736,9
653,3 736,9
653,3 736,9
653,3 736,9
653,3 736,9
653,3 736,9
653,3 736,9
653,2 736,9
653,3 736,9
653,3 736,9
653,3 736,9
653,3 736,9
653,2 736,9
653,2 736,9
653,2 736,9
653,3 736,9
653,3 736,9
653,3 736,9
653,4 736,9
653,4 736,9
653,2 736,9
653,3 736,9
653,4 736,9
653,3 736,9
653,3 736,9
653,3 736,9
653,3 736,9
653,3 736,9
653,4 736,9
653,3 736,9
653,3 736,9
653,3 736,9
653,3 736,9
653,3 736,9
653,3 736,9
653,3 736,9
653,3 736,9
653,2 736,9
653,2 736,9
653,3 736,9
653,3 736,9
653,4 736,9
653,3 736,9
653,3 736,9
653,3 736,9
653,3 736,9
653,2 736,9
653,4 736,9
653,3 736,9
653,3 736,9
653,3 736,9
653,3 736,9
653,3 736,9
653,3 736,9
653,3 736,9
653,3 736,9
653,4 736,9
653,2 736,9
653,4 736,9
653,3 736,9
653,3 736,9
653,3 736,9
653,3 736,9
653,3 736,9
653,3 736,9
653,2 736,9
653,3 736,9
653,3 736,9
653,2 736,9
653,2 736,9
653,3 736,9
653,2 736,9
653,2 736,9
653,3 736,9
653,3 736,9
653,3 736,9
653,3 736,9
653,3 736,9
653,4 736,9
653,4 736,9
653,3 736,9
653,2 736,9
653,3 736,9
653,3 736,9
653,3 736,9
653,3 736,9
653,3 736,9
653,3 736,9
653,3 736,9
653,2 736,9
653,3 736,9
653,3 736,9
653,3 736,9
653,3 736,9
653,3 736,9
653,3 736,9
653,3 736,9
653,3 736,9
653,3 736,9
653,3 736,9
653,3 736,9
653,3 736,9
653,3 736,9
653,3 736,9
653,3 736,9
653,3 736,9
653,3 736,9
653,3 736,9
653,3 736,9
653,3 736,9
653,3 736,9
653,3 736,9
653,3 736,9
653,2 736,9
653,3 736,9
653,3 736,9
653,3 736,9
653,3 736,9
653,3 736,9
653,3 736,9
653,3 736,9
653,2 736,9
653,2 736,9
653,2 736,9
653,3 736,9
653,2 736,9
653,2 736,9
653,2 736,9
653,2 736,9
653,2 736,9
653,3 736,9
653,3 736,9
653,3 736,9
653,2 736,9
653,3 736,9
653,3 736,9
653,3 736,9
653,3 736,9
653,3 736,9
653,3 736,9
653,3 736,9
653,3 736,9
653,3 736,9
653,3 736,9
653,3 736,9
653,3 736,9
653,3 736,9
653,3 736,9
653,3 736,9
653,3 736,9
653,3 736,9
653,3 736,9
653,3 736,9
653,3 736,9
653,3 736,9
653,3 736,9
653,3 736,9
653,3 736,9
653,3 736,9
653,3 736,9
653,6 737,4
653,1 738,2
601,0 738,7
601,0 738,7
601,0 738,7
601,0 738,7
601,0 738,7
601,0 738,7
601,0 738,7
601,1 738,7
601,0 738,7
601,0 738,7
601,0 738,7
601,0 738,7
601,0 738,7
601,0 738,7
601,0 738,7
601,0 738,7
601,0 738,7
601,0 738,7
601,0 738,7
601,0 738,7
601,0 738,7
601,0 738,7
601,0 738,7
601,0 738,7
601,0 738,7
601,0 738,7
601,0 738,7
601,0 738,7
601,0 738,7
601,0 738,7
601,0 738,7
601,0 738,7
601,0 738,7
601,0 738,7
601,0 738,7
601,0 738,7
601,0 738,7
601,0 738,7
601,0 738,7
601,1 738,7
601,0 738,7
601,0 738,7
601,0 738,7
601,0 738,7
601,0 738,7
601,0 738,7
601,0 738,7
601,0 738,7
601,0 738,7
601,0 738,7
601,0 738,7
601,0 738,7
601,0 738,7
601,0 738,7
601,0 738,7
601,0 738,7
601,1 738,7
601,0 738,7
601,0 738,7
601,0 738,7
601,0 738,7
601,0 738,7
601,0 738,7
601,0 738,7
601,0 738,7
601,0 738,7
601,0 738,7
601,0 738,7
601,0 738,7
601,0 738,7
601,0 738,7
601,0 738,7
601,0 738,7
600,2 738,9
600,2 738,9
600,2 738,9
600,2 738,9
600,2 738,9
600,2 738,9
600,4 738,9
600,8 738,9
600,9 738,9
600,5 738,9
600,9 738,9
601,0 738,9
601,0 738,9
600,9 738,9
600,9 738,9
601,0 738,9
600,9 738,9
600,9 738,9
600,9 738,9
600,9 738,9
600,9 738,9
600,9 738,9
600,9 738,9
600,9 738,9
600,9 738,9
600,9 738,9
600,9 738,9
600,9 738,9
600,9 738,9
600,9 738,9
600,9 738,9
600,9 738,9
600,9 738,9
600,9 738,9
600,9 738,9
600,9 738,9
600,9 738,9
600,9 738,9
600,9 738,9
600,9 738,9
600,9 738,9
601,0 738,9
600,9 738,9
600,9 738,9
600,9 738,9
601,0 738,9
600,9 738,9
600,9 738,9
600,9 738,9
600,9 738,9
600,9 738,9
600,9 738,9
600,9 738,9
602,1 738,9
600,9 738,9
602,1 738,9
602,0 738,9
601,6 738,9
601,0 738,9
602,0 738,9
602,0 738,9
602,0 738,9
601,5 738,9
602,0 738,9
602,1 738,9
602,1 738,9
602,1 738,9
602,1 738,9
601,0 738,9
601,0 738,9
601,1 738,9
602,1 738,9
602,1 738,9
601,1 738,9
601,0 738,9
601,0 738,9
600,9 738,9
600,9 738,9
600,9 738,9
602,1 738,9
601,6 738,9
601,0 738,9
601,0 738,9
602,1 738,9
602,1 738,9
602,1 738,9
601,0 738,9
601,0 738,9
600,9 738,9
601,0 738,9
602,1 738,9
602,1 738,9
602,1 738,9
601,5 738,9
602,1 738,9
602,1 738,9
602,1 738,9
602,0 738,9
602,1 738,9
602,1 738,9
602,1 738,9
602,1 738,9
602,0 738,9
600,9 738,9
602,1 738,9
602,1 738,9
600,8 738,9
599,9 738,9
599,7 738,9
602,1 738,9
599,7 738,9
600,4 738,9
599,7 738,9
601,0 738,9
599,9 738,9
601,4 738,9
599,8 738,9
599,9 738,9
600,9 738,9
600,8 738,9
600,9 738,9
601,0 738,9
600,9 738,9
600,9 738,9
599,8 738,9
600,9 738,9
601,0 738,9
602,1 738,9
602,1 738,9
602,1 738,9
602,1 738,9
602,1 738,9
602,1 738,9
602,1 738,9
602,1 738,9
602,1 738,9
602,1 738,9
602,1 738,9
602,1 738,9
602,1 738,9
602,1 738,9
602,1 738,9
602,0 738,9
602,1 738,9
602,1 738,9
602,1 738,9
602,1 738,9
602,1 738,9
602,1 738,9
601,9 738,9
602,1 738,9
602,1 738,9
602,1 738,9
602,1 738,9
602,1 738,9
602,1 738,9
602,1 738,9
602,1 738,9
602,1 738,9
602,1 738,9
602,1 738,9
602,1 738,9
602,0 738,9
602,0 738,9
602,0 738,9
602,0 738,9
602,1 738,9
602,1 738,9
602,1 738,9
602,1 738,9
602,1 738,9
602,0 738,9
602,0 738,9
602,0 738,9
602,1 738,9
601,9 738,9
602,1 738,9
602,1 738,9
602,1 738,9
602,1 738,9
602,1 738,9
602,1 738,9
602,1 738,9
602,1 738,9
602,1 738,9
602,1 738,9
602,1 738,9
602,0 738,9
602,1 738,9
602,1 738,9
602,1 738,9
602,1 738,9
602,1 738,9
602,1 738,9
602,1 738,9
602,1 738,9
602,1 738,9
602,1 738,9
602,1 738,9
602,1 738,9
602,1 738,9
602,1 738,9
602,1 738,9
602,1 738,9
602,0 738,9
602,1 738,9
602,1 738,9
602,1 738,9
602,1 738,9
602,1 738,9
602,1 738,9
602,1 738,9
602,1 738,9
602,1 738,9
602,1 738,9
602,1 738,9
602,0 738,9
602,0 738,9
602,0 738,9
602,1 738,9
602,0 738,9
602,1 738,9
602,1 738,9
602,1 738,9
602,0 738,9
602,0 738,9
602,1 738,9
602,0 738,9
602,1 738,9
602,1 738,9
602,1 738,9
602,1 738,9
602,1 738,9
601,9 738,9
601,8 738,9
601,9 738,9
601,9 738,9
601,9 738,9
601,8 738,9
601,9 738,9
601,9 738,9
601,9 738,9
601,9 738,9
601,9 738,9
601,9 738,9
601,9 738,9
601,9 738,9
601,9 738,9
601,9 738,9
601,9 738,9
601,9 738,9
601,9 738,9
601,9 738,9
600,8 738,9
600,8 738,9
600,1 738,9
600,1 738,9
600,0 738,9
600,1 738,9
600,1 738,9
600,0 738,9
600,0 738,9
600,1 738,9
600,2 738,9
601,9 738,9
601,9 738,9
600,8 738,9
600,3 738,9
600,2 738,9
600,2 738,9
600,2 738,9
600,2 738,9
600,2 738,9
601,6 738,9
601,8 738,9
600,2 738,9
601,6 738,9
600,2 738,9
601,8 738,9
600,2 738,9
601,9 738,9
601,8 738,9
601,8 738,9
601,9 738,9
601,6 738,9
601,9 738,9
601,9 738,9
601,9 738,9
601,8 738,9
601,6 738,9
601,9 738,9
601,9 738,9
601,9 738,9
601,6 738,9
601,9 738,9
601,9 738,9
601,9 738,9
601,9 738,9
601,9 738,9
601,7 738,9
601,9 738,9
601,8 738,9
601,9 738,9
601,8 738,9
601,9 738,9
601,9 738,9
600,2 738,9
601,9 738,9
601,9 738,9
601,7 738,9
600,2 738,9
600,2 738,9
601,9 738,9
600,3 738,9
601,9 738,9
600,3 738,9
600,2 738,9
600,2 738,9
600,3 738,9
601,9 738,9
601,8 738,9
601,9 738,9
601,8 738,9
601,8 738,9
601,9 738,9
601,9 738,9
601,9 738,9
600,2 738,9
600,2 738,9
600,2 738,9
600,2 738,9
600,2 738,9
600,2 738,9
600,2 738,9
600,2 738,9
600,2 738,9
600,1 738,9
600,2 738,9
600,2 738,9
600,2 738,9
600,2 738,9
600,2 738,9
600,2 738,9
600,2 738,9
600,1 738,9
600,2 738,9
600,1 738,9
601,8 738,9
601,7 738,9
601,9 738,9
601,9 738,9
601,9 738,9
601,8 738,9
601,6 738,9
601,8 738,9
601,9 738,9
601,8 738,9
601,8 738,9
601,9 738,9
601,8 738,9
601,9 738,9
601,8 738,9
601,8 738,9
601,9 738,9
601,9 738,9
601,9 738,9
601,8 738,9
601,8 738,9
601,9 738,9
601,9 738,9
601,8 738,9
601,9 738,9
601,8 738,9
601,9 738,9
601,8 738,9
601,9 738,9
601,8 738,9
601,9 738,9
601,8 738,9
601,9 738,9
601,8 738,9
601,7 738,9
601,9 738,9
601,9 738,9
601,9 738,9
601,9 738,9
601,8 738,9
601,8 738,9
601,8 738,9
601,8 738,9
601,8 738,9
601,9 738,9
601,7 738,9
601,8 738,9
601,8 738,9
601,6 738,9
601,8 738,9
601,8 738,9
601,8 738,9
601,8 738,9
601,8 738,9
601,8 738,9
601,8 738,9
601,8 738,9
601,9 738,9
601,8 738,9
601,9 738,9
601,7 738,9
601,8 738,9
601,7 738,9
600,2 738,9
600,2 738,9
600,2 738,9
600,2 738,9
600,2 738,9
600,2 738,9
601,8 738,9
601,8 738,9
601,8 738,9
601,8 738,9
601,8 738,9
601,8 738,9
601,8 738,9
601,6 738,9
601,9 738,9
601,8 738,9
601,8 738,9
601,9 738,9
601,8 738,9
601,8 738,9
601,6 738,9
601,8 738,9
601,9 738,9
601,8 738,9
601,6 738,9
601,8 738,9
601,6 738,9
601,8 738,9
601,8 738,9
601,9 738,9
601,8 738,9
601,8 738,9
601,8 738,9
601,8 738,9
601,8 738,9
601,8 738,9
601,8 738,9
601,8 738,9
601,8 738,9
601,7 738,9
601,7 738,9
601,8 738,9
601,7 738,9
601,8 738,9
601,8 738,9
601,8 738,9
601,8 738,9
601,5 738,9
601,8 738,9
601,8 738,9
601,5 738,9
601,8 738,9
601,8 738,9
601,8 738,9
601,8 738,9
601,9 738,9
601,8 738,9
601,8 738,9
601,8 738,9
601,8 738,9
601,8 738,9
601,8 738,9
601,9 738,9
601,9 738,9
601,9 738,9
601,9 738,9
601,8 738,9
601,8 738,9
601,9 738,9
601,8 738,9
601,9 738,9
601,9 738,9
601,8 738,9
601,8 738,9
601,8 738,9
601,8 738,9
601,8 738,9
601,8 738,9
601,8 738,9
601,8 738,9
601,8 738,9
601,9 738,9
601,9 738,9
601,8 738,9
601,9 738,9
601,8 738,9
601,9 738,9
601,8 738,9
601,9 738,9
601,8 738,9
601,8 738,9
601,8 738,9
601,8 738,9
601,8 738,9
601,8 738,9
601,8 738,9
601,8 738,9
601,8 738,9
601,8 738,9
601,8 738,9
601,8 738,9
601,8 738,9
601,8 738,9
601,7 738,9
601,7 738,9
601,8 738,9
601,7 738,9
601,8 738,9
601,8 738,9
601,9 738,9
601,9 738,9
601,8 738,9
601,8 738,9
601,8 738,9
601,8 738,9
601,8 738,9
601,8 738,9
601,8 738,9
601,8 738,9
601,8 738,9
601,8 738,9
601,9 738,9
601,8 738,9
601,9 738,9
601,8 738,9
601,8 738,9
601,8 738,9
601,8 738,9
601,8 738,9
601,9 738,9
601,8 738,9
601,8 738,9
601,8 738,9
601,8 738,9
601,9 738,9
601,8 738,9
601,9 738,9
601,8 738,9
601,8 738,9
601,8 738,9
601,8 738,9
601,9 738,9
601,9 738,9
601,9 738,9
601,8 738,9
601,9 738,9
601,9 738,9
601,9 738,9
601,9 738,9
601,8 738,9
601,9 738,9
601,8 738,9
601,9 738,9
601,8 738,9
601,9 738,9
601,9 738,9
601,8 738,9
601,8 738,9
601,9 738,9
601,8 738,9
601,9 738,9
601,8 738,9
601,8 738,9
601,8 738,9
601,8 738,9
601,9 738,9
601,4 738,9
601,4 739,4
600,2 739,4
600,1 739,4
600,2 739,4
596,2 739,9
596,2 739,9
596,2 739,9
596,2 739,9
596,2 739,9
596,2 739,9
596,2 739,9
597,8 739,9
597,8 739,9
597,8 739,9
597,8 739,9
597,8 739,9
597,8 739,9
597,8 739,9
597,8 739,9
597,8 739,9
597,8 739,9
597,9 739,9
597,8 739,9
597,8 739,9
597,7 739,9
597,8 739,9
597,8 739,9
597,8 739,9
597,7 739,9
597,8 739,9
597,8 739,9
597,8 739,9
597,8 739,9
597,8 739,9
597,8 739,9
597,6 739,9
597,5 739,9
597,8 739,9
597,8 739,9
597,2 739,9
597,5 739,9
597,8 739,9
596,6 739,9
596,7 739,9
596,6 739,9
596,6 739,9
596,6 739,9
596,6 739,9
596,6 739,9
596,6 739,9
596,5 739,9
596,4 739,9
596,0 739,9
596,5 739,9
596,6 739,9
596,6 739,9
596,6 739,9
596,4 739,9
596,6 739,9
596,5 739,9
596,6 739,9
596,6 739,9
596,6 739,9
596,4 739,9
596,6 739,9
596,6 739,9
596,6 739,9
596,2 739,9
596,2 739,9
596,2 739,9
596,4 739,9
596,2 739,9
596,2 739,9
596,2 739,9
596,6 739,9
596,7 739,9
596,6 739,9
596,6 739,9
596,6 739,9
596,7 739,9
596,7 739,9
596,6 739,9
596,6 739,9
596,8 739,9
596,8 739,9
596,8 739,9
596,7 739,9
596,8 739,9
596,9 739,9
596,8 739,9
596,8 739,9
596,8 739,9
596,9 739,9
596,8 739,9
596,8 739,9
596,8 739,9
596,8 739,9
596,7 739,9
596,7 739,9
596,7 739,9
596,8 739,9
596,7 739,9
596,8 739,9
596,7 739,9
596,7 739,9
596,7 739,9
596,8 739,9
596,8 739,9
596,7 739,9
596,7 739,9
596,7 739,9
596,7 739,9
596,8 739,9
596,7 739,9
596,7 739,9
596,1 739,9
596,2 739,9
596,3 739,9
596,3 739,9
596,7 739,9
596,7 739,9
596,7 739,9
596,8 739,9
596,8 739,9
596,7 739,9
596,7 739,9
596,8 739,9
596,9 739,9
596,8 739,9
596,8 739,9
596,7 739,9
596,8 739,9
596,8 739,9
596,8 739,9
596,8 739,9
596,8 739,9
596,8 739,9
596,8 739,9
596,7 739,9
596,8 739,9
596,8 739,9
596,8 739,9
596,8 739,9
596,8 739,9
596,8 739,9
596,8 739,9
596,8 739,9
596,8 739,9
596,8 739,9
596,8 739,9
596,8 739,9
596,8 739,9
596,8 739,9
596,8 739,9
596,8 739,9
596,8 739,9
596,8 739,9
596,8 739,9
596,8 739,9
596,8 739,9
596,7 739,9
596,8 739,9
596,8 739,9
596,8 739,9
596,7 739,9
596,8 739,9
596,8 739,9
596,7 739,9
596,7 739,9
596,7 739,9
596,8 739,9
596,8 739,9
596,7 739,9
596,7 739,9
596,8 739,9
596,8 739,9
596,8 739,9
596,8 739,9
596,8 739,9
596,8 739,9
596,8 739,9
596,8 739,9
596,8 739,9
596,8 739,9
596,8 739,9
596,8 739,9
596,8 739,9
596,8 739,9
596,1 739,9
596,1 739,9
596,1 739,9
596,4 739,9
596,8 739,9
596,8 739,9
596,8 739,9
596,8 739,9
596,8 739,9
596,8 739,9
596,8 739,9
596,8 739,9
596,8 739,9
596,8 739,9
596,8 739,9
596,8 739,9
596,8 739,9
596,8 739,9
596,8 739,9
596,8 739,9
596,8 739,9
596,8 739,9
596,8 739,9
596,8 739,9
596,8 739,9
596,8 739,9
596,8 739,9
590,2 739,9
590,2 739,9
590,2 739,9
590,2 739,9
590,2 739,9
590,2 739,9
590,1 739,9
590,2 739,9
590,1 739,9
590,2 739,9
590,2 739,9
590,2 739,9
590,1 739,9
590,2 739,9
590,2 739,9
590,2 739,9
590,2 739,9
590,2 739,9
590,2 739,9
590,3 739,9
590,2 739,9
590,2 739,9
590,2 739,9
590,2 739,9
590,2 739,9
590,2 739,9
590,2 739,9
590,2 739,9
590,2 739,9
590,2 739,9
590,2 739,9
590,2 739,9
590,2 739,9
590,2 739,9
590,2 739,9
590,2 739,9
590,2 739,9
590,2 739,9
590,2 739,9
590,2 739,9
590,2 739,9
590,2 739,9
590,2 739,9
590,2 739,9
590,2 739,9
590,2 739,9
590,2 739,9
590,2 739,9
590,2 739,9
590,2 739,9
590,2 739,9
590,2 739,9
590,2 739,9
590,2 739,9
590,2 739,9
590,2 739,9
590,2 739,9
590,2 739,9
590,2 739,9
590,2 739,9
590,2 739,9
590,2 739,9
590,2 739,9
590,2 739,9
590,1 739,9
590,2 739,9
590,2 739,9
590,1 739,9
590,2 739,9
590,2 739,9
590,2 739,9
590,2 739,9
590,2 739,9
590,2 739,9
590,2 739,9
590,2 739,9
590,2 739,9
590,2 739,9
590,2 739,9
590,2 739,9
590,2 739,9
590,2 739,9
590,2 739,9
590,2 739,9
590,2 739,9
590,2 739,9
590,2 739,9
590,2 739,9
590,2 739,9
590,2 739,9
590,2 739,9
590,2 739,9
590,2 739,9
590,2 739,9
590,2 739,9
590,2 739,9
590,2 739,9
590,2 739,9
590,2 739,9
590,2 739,9
590,2 739,9
590,2 739,9
590,2 739,9
590,2 739,9
590,2 739,9
590,2 739,9
590,2 739,9
590,2 739,9
590,2 739,9
590,2 739,9
590,1 739,9
590,2 739,9
590,2 739,9
590,2 739,9
590,2 739,9
590,2 739,9
590,1 739,9
590,1 739,9
590,1 739,9
590,1 739,9
590,1 739,9
590,1 739,9
590,1 739,9
590,1 739,9
590,2 739,9
590,1 739,9
590,1 739,9
590,1 739,9
590,1 739,9
590,1 739,9
590,1 739,9
590,1 739,9
590,1 739,9
590,1 739,9
590,1 739,9
590,1 739,9
590,1 739,9
590,2 739,9
590,1 739,9
590,1 739,9
590,1 739,9
590,1 739,9
590,1 739,9
590,1 739,9
590,1 739,9
590,1 739,9
590,1 739,9
590,1 739,9
590,1 739,9
590,2 739,9
590,1 739,9
590,1 739,9
590,1 739,9
590,1 739,9
590,1 739,9
590,2 739,9
590,1 739,9
590,1 739,9
590,1 739,9
590,1 739,9
590,2 739,9
590,1 739,9
590,1 739,9
590,1 739,9
590,2 739,9
590,1 739,9
590,1 739,9
590,1 739,9
590,1 739,9
590,1 739,9
590,1 739,9
590,1 739,9
590,1 739,9
590,1 739,9
590,1 739,9
590,1 739,9
590,1 739,9
590,1 739,9
590,1 739,9
590,1 739,9
590,1 739,9
590,1 739,9
590,1 739,9
590,1 739,9
590,1 739,9
590,1 739,9
590,1 739,9
590,1 739,9
590,2 739,9
590,1 739,9
590,2 739,9
590,2 739,9
590,1 739,9
590,1 739,9
590,1 739,9
590,1 739,9
590,1 739,9
590,1 739,9
590,1 739,9
590,2 739,9
590,1 739,9
590,2 739,9
590,2 739,9
590,1 739,9
590,1 739,9
590,1 739,9
590,2 739,9
590,1 739,9
589,9 739,9
589,9 739,9
590,0 739,9
590,1 739,9
590,0 739,9
590,1 739,9
590,1 739,9
589,9 739,9
590,0 739,9
590,0 739,9
589,9 739,9
589,9 739,9
589,9 739,9
590,0 739,9
590,0 739,9
590,0 739,9
590,0 739,9
590,0 739,9
589,9 739,9
589,9 739,9
590,0 739,9
590,0 739,9
590,0 739,9
589,9 739,9
590,0 739,9
590,0 739,9
590,0 739,9
589,9 739,9
589,9 739,9
589,9 739,9
589,9 739,9
589,9 739,9
589,9 739,9
589,9 739,9
589,9 739,9
590,0 739,9
590,0 739,9
589,9 739,9
590,0 739,9
590,0 739,9
590,0 739,9
590,0 739,9
590,0 739,9
589,9 739,9
590,0 739,9
590,0 739,9
590,0 739,9
590,0 739,9
590,0 739,9
590,0 739,9
589,9 739,9
590,0 739,9
589,9 739,9
590,0 739,9
590,0 739,9
589,9 739,9
589,9 739,9
589,9 739,9
590,0 739,9
590,0 739,9
589,9 739,9
589,9 739,9
590,0 739,9
590,0 739,9
590,0 739,9
590,0 739,9
589,9 739,9
590,0 739,9
590,0 739,9
590,0 739,9
590,0 739,9
590,0 739,9
589,9 739,9
590,0 739,9
589,9 739,9
590,0 739,9
589,9 739,9
589,9 739,9
589,9 739,9
589,9 739,9
589,9 739,9
589,9 739,9
589,9 739,9
589,9 739,9
589,9 739,9
589,9 739,9
589,9 739,9
589,9 739,9
589,9 739,9
589,9 739,9
589,9 739,9
589,9 739,9
589,9 739,9
590,0 739,9
590,0 739,9
589,9 739,9
590,0 739,9
590,0 739,9
589,9 739,9
590,0 739,9
590,0 739,9
590,0 739,9
590,0 739,9
590,0 739,9
589,9 739,9
589,9 739,9
590,0 739,9
590,0 739,9
590,0 739,9
590,0 739,9
590,0 739,9
590,0 739,9
590,0 739,9
590,0 739,9
590,0 739,9
590,0 739,9
590,0 739,9
590,0 739,9
590,0 739,9
590,0 739,9
589,9 739,9
589,9 739,9
588,4 739,9
589,9 739,9
589,9 739,9
590,0 739,9
590,0 739,9
589,9 739,9
589,9 739,9
589,9 739,9
590,0 739,9
590,0 739,9
589,3 739,9
590,0 739,9
589,9 739,9
588,3 739,9
589,7 739,9
589,9 739,9
588,3 739,9
588,3 739,9
588,3 739,9
588,3 739,9
588,3 739,9
588,3 739,9
588,3 739,9
588,3 739,9
588,3 739,9
588,4 739,9
588,4 739,9
588,3 739,9
588,3 739,9
588,4 739,9
588,4 739,9
588,4 739,9
588,4 739,9
588,5 739,9
588,3 739,9
588,4 739,9
588,3 739,9
588,4 739,9
588,4 739,9
588,4 739,9
588,4 739,9
588,4 739,9
588,4 739,9
588,4 739,9
588,3 739,9
588,3 739,9
588,4 739,9
588,4 739,9
588,4 739,9
588,3 739,9
588,3 739,9
588,5 739,9
588,4 739,9
588,4 739,9
588,3 739,9
588,4 739,9
588,3 739,9
588,4 739,9
588,4 739,9
588,4 739,9
588,4 739,9
588,3 739,9
588,4 739,9
588,3 739,9
588,2 739,9
588,2 739,9
588,3 739,9
588,2 739,9
588,2 739,9
588,2 739,9
588,3 739,9
588,3 739,9
588,3 739,9
588,2 739,9
588,3 739,9
588,3 739,9
588,3 739,9
588,3 739,9
588,3 739,9
588,3 739,9
588,3 739,9
588,3 739,9
588,3 739,9
588,3 739,9
588,3 739,9
588,2 739,9
588,2 739,9
588,2 739,9
588,2 739,9
587,9 740,2
587,9 740,2
588,0 740,2
587,1 740,2
587,2 740,2
587,2 740,2
587,2 740,2
587,3 740,2
587,3 740,2
587,3 740,2
587,3 740,2
587,3 740,2
587,2 740,2
587,2 740,2
587,2 740,2
587,3 740,2
587,2 740,2
587,2 740,2
587,2 740,2
587,2 740,2
587,2 740,2
587,2 740,2
587,3 740,2
587,2 740,2
587,3 740,2
587,2 740,2
585,3 740,2
585,3 740,2
585,3 740,2
583,1 740,2
583,2 740,2
579,3 740,4
579,1 740,4
579,1 740,4
579,3 740,4
579,3 740,4
579,3 740,4
579,3 740,4
579,2 740,4
579,1 740,4
579,1 740,4
579,1 740,4
579,3 740,4
579,2 740,4
579,1 740,4
579,1 740,4
579,2 740,4
579,1 740,4
579,2 740,4
579,4 740,4
579,1 740,4
579,2 740,4
578,9 740,4
578,1 740,4
577,5 740,4
577,5 740,4
577,5 740,4
577,5 740,4
577,5 740,4
577,5 740,4
577,5 740,4
577,5 740,4
577,7 740,4
577,6 740,4
578,1 740,4
578,0 740,4
577,5 740,4
577,7 740,4
578,1 740,4
579,1 740,4
579,5 740,4
577,5 740,4
577,5 740,4
579,1 740,4
577,5 740,4
577,5 740,4
577,4 740,4
577,5 740,4
577,5 740,4
577,5 740,4
577,5 740,4
577,4 740,4
577,5 740,4
577,5 740,4
577,4 740,4
577,5 740,4
577,5 740,4
577,5 740,4
577,5 740,4
577,5 740,4
577,5 740,4
578,0 740,4
577,5 740,4
577,5 740,4
579,0 740,4
579,1 740,4
580,8 740,4
580,9 740,4
579,1 740,4
580,0 740,4
580,7 740,4
579,9 740,4
579,1 740,4
579,0 740,4
579,1 740,4
579,1 740,4
579,2 740,4
579,1 740,4
579,2 740,4
579,2 740,4
579,0 740,4
579,1 740,4
579,2 740,4
579,2 740,4
579,1 740,4
579,1 740,4
577,6 740,4
578,8 740,4
577,5 740,4
577,4 740,4
577,5 740,4
577,4 740,4
577,5 740,4
577,4 740,4
577,4 740,4
577,3 740,4
577,4 740,4
577,3 740,4
577,3 740,4
577,4 740,4
577,4 740,4
577,3 740,4
577,4 740,4
577,4 740,4
573,1 740,4
569,7 740,4
569,6 740,4
569,5 740,4
569,5 740,4
569,5 740,4
569,5 740,4
569,5 740,4
569,6 740,4
569,6 740,4
569,6 740,4
569,6 740,4
569,5 740,4
569,6 740,4
569,6 740,4
569,5 740,4
569,6 740,4
569,6 740,4
569,6 740,4
569,6 740,4
573,0 740,4
573,6 740,4
573,1 740,4
573,4 740,4
574,2 740,4
575,0 740,4
573,0 740,4
574,8 740,4
573,0 740,4
573,0 740,4
573,2 740,4
573,6 740,4
573,4 740,4
573,5 740,4
573,4 740,4
573,5 740,4
574,0 740,4
573,6 740,4
573,4 740,4
573,5 740,4
573,2 740,4
573,5 740,4
573,6 740,4
573,2 740,4
573,5 740,4
573,4 740,4
573,0 740,4
572,9 740,4
573,0 740,4
573,0 740,4
573,0 740,4
572,9 740,4
573,0 740,4
573,0 740,4
573,0 740,4
574,4 740,4
572,9 740,4
574,4 740,4
572,9 740,4
572,9 740,4
573,0 740,4
572,9 740,4
572,9 740,4
572,9 740,4
573,0 740,4
569,4 740,4
569,5 740,4
569,5 740,4
569,5 740,4
569,5 740,4
569,5 740,4
569,5 740,4
569,5 740,4
569,5 740,4
569,5 740,4
569,5 740,4
569,5 740,4
569,5 740,4
569,5 740,4
569,5 740,4
569,5 740,4
569,5 740,4
569,5 740,4
569,4 740,4
569,5 740,4
569,5 740,4
569,5 740,4
569,5 740,4
569,5 740,4
569,5 740,4
569,5 740,4
569,5 740,4
569,4 740,4
569,5 740,4
569,5 740,4
569,5 740,4
569,4 740,4
569,5 740,4
569,5 740,4
569,5 740,4
569,4 740,4
569,5 740,4
569,5 740,4
569,5 740,4
569,5 740,4
569,5 740,4
569,5 740,4
569,5 740,4
569,5 740,4
569,4 740,4
569,5 740,4
569,5 740,4
569,4 740,4
569,5 740,4
569,3 740,4
569,5 740,4
569,5 740,4
569,4 740,4
569,3 740,4
569,4 740,4
569,4 740,4
569,5 740,4
569,5 740,4
569,5 740,4
569,5 740,4
569,5 740,4
569,5 740,4
569,5 740,4
569,5 740,4
569,5 740,4
569,5 740,4
569,5 740,4
569,9 740,4
569,9 740,4
570,6 740,4
569,5 740,4
569,7 740,4
570,5 740,4
569,4 740,4
570,0 740,4
569,5 740,4
569,9 740,4
570,0 740,4
570,0 740,4
570,0 740,4
570,0 740,4
569,6 740,4
570,0 740,4
570,0 740,4
570,0 740,4
570,0 740,4
569,5 740,4
569,7 740,4
569,5 740,4
569,5 740,4
569,5 740,4
569,5 740,4
569,5 740,4
569,5 740,4
569,5 740,4
569,5 740,4
569,5 740,4
569,5 740,4
569,5 740,4
569,5 740,4
569,4 740,4
569,4 740,4
569,4 740,4
569,4 740,4
569,4 740,4
569,3 740,4
569,4 740,4
569,4 740,4
569,4 740,4
569,4 740,4
569,3 740,4
569,4 740,4
569,3 740,4
569,4 740,4
569,4 740,4
569,4 740,4
569,4 740,4
569,4 740,4
569,5 740,4
569,4 740,4
569,4 740,4
569,4 740,4
569,4 740,4
569,4 740,4
569,4 740,4
569,4 740,4
569,5 740,4
569,5 740,4
569,4 740,4
569,4 740,4
569,4 740,4
570,0 740,4
569,9 740,4
570,0 740,4
570,0 740,4
570,0 740,4
569,5 740,4
569,6 740,4
569,7 740,4
570,0 740,4
570,0 740,4
569,4 740,4
569,4 740,4
569,4 740,4
569,4 740,4
569,4 740,4
570,0 740,4
570,0 740,4
570,0 740,4
569,4 740,4
569,4 740,4
569,5 740,4
569,4 740,4
569,4 740,4
569,5 740,4
569,4 740,4
569,4 740,4
569,3 740,4
569,4 740,4
569,4 740,4
569,4 740,4
569,3 740,4
569,4 740,4
569,4 740,4
569,4 740,4
569,4 740,4
569,4 740,4
569,4 740,4
569,5 740,4
569,5 740,4
569,4 740,4
569,4 740,4
569,4 740,4
569,5 740,4
569,5 740,4
569,4 740,4
569,5 740,4
569,5 740,4
569,4 740,4
569,6 740,4
570,1 740,4
570,0 740,4
570,1 740,4
570,1 740,4
570,1 740,4
570,1 740,4
570,0 740,4
570,1 740,4
570,1 740,4
570,0 740,4
570,1 740,4
570,0 740,4
570,1 740,4
570,1 740,4
570,1 740,4
570,0 740,4
570,1 740,4
570,1 740,4
569,6 740,4
569,6 740,4
569,9 740,4
570,1 740,4
570,1 740,4
570,1 740,4
570,1 740,4
570,1 740,4
570,1 740,4
569,3 740,4
569,5 740,4
570,0 740,4
569,8 740,4
569,9 740,4
569,3 740,4
569,5 740,4
570,0 740,4
570,1 740,4
569,9 740,4
569,9 740,4
569,8 740,4
569,9 740,4
569,4 740,4
569,8 740,4
569,9 740,4
570,0 740,4
569,4 740,4
570,2 740,4
570,0 740,4
570,0 740,4
569,8 740,4
569,8 740,4
570,2 740,4
570,2 740,4
569,4 740,4
569,8 740,4
570,0 740,4
570,0 740,4
570,0 740,4
569,4 740,4
569,4 740,4
569,5 740,4
569,4 740,4
569,4 740,4
569,4 740,4
569,4 740,4
569,4 740,4
569,4 740,4
569,4 740,4
569,5 740,4
569,4 740,4
569,4 740,4
569,3 740,4
569,4 740,4
569,3 740,4
569,4 740,4
569,4 740,4
569,4 740,4
569,3 740,4
569,4 740,4
569,3 740,4
569,3 740,4
569,3 740,4
569,4 740,4
569,3 740,4
569,3 740,4
569,4 740,4
569,4 740,4
569,3 740,4
569,3 740,4
569,3 740,4
569,3 740,4
570,6 740,4
569,9 740,4
569,3 740,4
569,3 740,4
569,3 740,4
570,3 740,4
571,1 740,4
569,8 740,4
570,0 740,4
570,1 740,4
570,6 740,4
570,0 740,4
570,0 740,4
570,1 740,4
570,1 740,4
570,1 740,4
570,0 740,4
570,1 740,4
570,1 740,4
570,0 740,4
570,8 740,4
570,6 740,4
569,3 740,4
569,3 740,4
569,6 740,4
570,1 740,4
570,9 740,4
570,8 740,4
569,3 740,4
569,4 740,4
571,0 740,4
570,8 740,4
571,0 740,4
569,3 740,4
570,0 740,4
569,3 740,4
573,4 740,4
573,4 740,4
572,9 740,4
572,9 740,4
572,9 740,4
572,9 740,4
572,9 740,4
572,9 740,4
572,9 740,4
572,9 740,4
572,7 740,4
572,9 740,4
572,9 740,4
572,9 740,4
572,9 740,4
572,9 740,4
572,9 740,4
572,9 740,4
572,8 740,4
572,9 740,4
572,9 740,4
573,3 740,4
572,9 740,4
573,0 740,4
573,4 740,4
572,8 740,4
569,4 740,4
569,3 740,4
569,4 740,4
569,4 740,4
569,4 740,4
569,4 740,4
569,4 740,4
569,4 740,4
569,4 740,4
569,4 740,4
569,5 740,4
569,4 740,4
569,4 740,4
569,3 740,4
569,4 740,4
569,3 740,4
569,4 740,4
569,4 740,4
569,3 740,4
569,4 740,4
569,3 740,4
569,4 740,4
569,5 740,4
569,4 740,4
569,4 740,4
569,4 740,4
569,3 740,4
569,4 740,4
569,3 740,4
569,3 740,4
569,3 740,4
569,3 740,4
569,4 740,4
569,4 740,4
569,4 740,4
569,4 740,4
569,4 740,4
569,4 740,4
569,4 740,4
570,5 740,4
569,4 740,4
569,9 740,4
569,5 740,4
569,4 740,4
569,4 740,4
569,6 740,4
569,3 740,4
569,4 740,4
569,9 740,4
569,5 740,4
569,5 740,4
569,4 740,4
569,4 740,4
569,4 740,4
569,4 740,4
569,4 740,4
569,4 740,4
569,4 740,4
569,5 740,4
570,0 740,4
570,0 740,4
570,0 740,4
569,4 740,4
569,4 740,4
569,4 740,4
569,4 740,4
569,4 740,4
569,4 740,4
569,4 740,4
569,4 740,4
569,4 740,4
569,4 740,4
569,4 740,4
569,4 740,4
569,3 740,4
569,4 740,4
569,3 740,4
569,4 740,4
569,4 740,4
569,4 740,4
569,4 740,4
569,3 740,4
569,3 740,4
569,4 740,4
569,4 740,4
569,4 740,4
569,4 740,4
569,3 740,4
569,4 740,4
569,3 740,4
569,3 740,4
569,3 740,4
569,4 740,4
569,5 740,4
569,4 740,4
567,7 740,4
567,7 740,4
567,7 740,4
567,6 740,4
567,6 740,4
567,6 740,4
567,6 740,4
567,6 740,4
567,6 740,4
567,6 740,4
567,6 740,4
567,6 740,4
567,6 740,4
573,8 740,4
573,1 740,4
573,2 740,4
573,2 740,4
573,2 740,4
573,2 740,4
573,2 740,4
572,6 740,4
572,6 740,4
572,6 740,4
572,6 740,4
573,3 740,4
573,3 740,4
573,3 740,4
573,2 740,4
572,6 740,4
572,6 740,4
572,7 740,4
572,6 740,4
572,6 740,4
572,6 740,4
572,6 740,4
572,6 740,4
572,6 740,4
572,6 740,4
572,5 740,4
572,6 740,4
572,6 740,4
572,6 740,4
572,6 740,4
572,6 740,4
572,6 740,4
572,6 740,4
572,5 740,4
572,5 740,4
572,6 740,4
572,6 740,4
572,6 740,4
572,6 740,4
572,6 740,4
572,5 740,4
572,6 740,4
572,6 740,4
572,6 740,4
572,6 740,4
572,6 740,4
572,6 740,4
572,6 740,4
572,5 740,4
572,6 740,4
572,6 740,4
572,5 740,4
572,5 740,4
572,6 740,4
572,5 740,4
572,6 740,4
572,6 740,4
572,5 740,4
572,6 740,4
572,5 740,4
572,5 740,4
572,5 740,4
572,5 740,4
572,5 740,4
572,7 740,4
572,6 740,4
572,6 740,4
572,5 740,4
572,6 740,4
572,6 740,4
572,5 740,4
572,6 740,4
572,6 740,4
572,5 740,4
572,6 740,4
573,0 740,4
572,6 740,4
572,7 740,4
572,6 740,4
572,5 740,4
572,6 740,4
573,9 740,4
573,8 740,4
573,8 740,4
573,8 740,4
573,7 740,4
573,8 740,4
573,9 740,4
573,8 740,4
573,8 740,4
573,8 740,4
573,9 740,4
573,9 740,4
573,8 740,4
573,8 740,4
573,9 740,4
573,9 740,4
573,8 740,4
573,8 740,4
575,6 740,4
574,4 740,4
575,0 740,4
575,0 740,4
575,0 740,4
573,9 740,4
574,0 740,4
574,0 740,4
574,4 740,4
574,9 740,4
575,0 740,4
574,9 740,4
574,0 740,4
573,9 740,4
573,9 740,4
573,9 740,4
573,8 740,4
574,0 740,4
573,9 740,4
573,8 740,4
573,8 740,4
573,9 740,4
573,9 740,4
573,9 740,4
573,8 740,4
573,7 740,4
573,4 740,4
573,2 740,4
573,4 740,4
574,8 740,4
573,9 740,4
573,8 740,4
573,9 740,4
573,9 740,4
573,8 740,4
573,9 740,4
573,9 740,4
573,8 740,4
573,9 740,4
573,9 740,4
573,9 740,4
573,8 740,4
573,8 740,4
573,9 740,4
573,9 740,4
573,9 740,4
573,9 740,4
573,9 740,4
573,9 740,4
573,9 740,4
573,9 740,4
573,9 740,4
573,9 740,4
573,9 740,4
573,9 740,4
576,1 740,4
576,1 740,4
576,1 740,4
576,1 740,4
576,1 740,4
576,1 740,4
576,1 740,4
576,1 740,4
576,1 740,4
576,1 740,4
576,1 740,4
576,1 740,4
576,1 740,4
576,1 740,4
576,1 740,4
576,1 740,4
576,1 740,4
576,1 740,4
576,1 740,4
576,1 740,4
576,1 740,4
576,1 740,4
576,1 740,4
576,1 740,4
576,1 740,4
576,1 740,4
576,1 740,4
576,2 740,4
576,1 740,4
576,1 740,4
576,1 740,4
576,1 740,4
576,1 740,4
576,1 740,4
576,1 740,4
576,1 740,4
576,1 740,4
576,1 740,4
576,1 740,4
576,1 740,4
576,1 740,4
576,1 740,4
576,1 740,4
576,1 740,4
576,1 740,4
576,1 740,4
576,1 740,4
576,1 740,4
576,1 740,4
576,1 740,4
576,1 740,4
576,1 740,4
576,1 740,4
576,1 740,4
576,1 740,4
576,1 740,4
576,1 740,4
576,1 740,4
576,1 740,4
575,9 740,4
575,9 740,4
575,9 740,4
575,8 740,4
575,8 740,4
575,8 740,4
575,8 740,4
575,8 740,4
579,4 747,2
579,3 747,2
579,3 747,2
579,4 747,2
579,3 747,2
579,3 747,2
579,3 747,2
579,3 747,2
579,4 747,2
579,3 747,2
579,3 747,2
579,3 747,2
579,3 747,2
579,3 747,2
579,3 747,2
579,3 747,2
579,3 747,2
579,3 747,2
579,3 747,2
579,3 747,2
579,3 747,2
579,3 747,2
579,3 747,2
579,3 747,2
579,3 747,2
579,3 747,2
579,4 747,2
579,3 747,2
579,3 747,2
579,4 747,2
579,3 747,2
579,3 747,2
579,3 747,2
579,3 747,2
579,3 747,2
579,3 747,2
579,3 747,2
579,3 747,2
579,4 747,2
579,3 747,2
579,3 747,2
579,4 747,2
579,3 747,2
579,3 747,2
579,3 747,2
579,3 747,2
579,3 747,2
579,3 747,2
579,3 747,2
579,3 747,2
579,3 747,2
579,3 747,2
579,3 747,2
579,3 747,2
579,4 747,2
579,3 747,2
579,3 747,2
579,4 747,2
579,3 747,2
579,4 747,2
579,3 747,2
579,3 747,2
579,3 747,2
579,3 747,2
579,4 747,2
579,3 747,2
579,3 747,2
579,3 747,2
579,3 747,2
579,4 747,2
579,4 747,2
579,3 747,2
579,4 747,2
579,4 747,2
579,3 747,2
579,4 747,2
579,4 747,2
579,3 747,2
579,4 747,2
578,3 747,2
578,3 747,2
578,3 747,2
578,3 747,2
578,3 747,2
579,3 747,2
579,3 747,2
579,3 747,2
579,3 747,2
579,3 747,2
579,3 747,2
579,3 747,2
579,3 747,2
579,3 747,2
579,3 747,2
579,3 747,2
579,3 747,2
579,3 747,2
579,3 747,2
579,3 747,2
579,3 747,2
579,3 747,2
579,3 747,2
579,3 747,2
579,3 747,2
579,3 747,2
579,3 747,2
579,3 747,2
579,3 747,2
579,4 747,2
579,3 747,2
579,3 747,2
579,3 747,2
579,3 747,2
579,3 747,2
579,3 747,2
579,3 747,2
579,1 747,2
579,3 747,2
579,3 747,2
579,3 747,2
579,3 747,2
579,3 747,2
579,3 747,2
579,3 747,2
579,3 747,2
579,3 747,2
579,3 747,2
579,4 747,2
579,3 747,2
579,3 747,2
579,4 747,2
579,3 747,2
579,3 747,2
579,3 747,2
579,3 747,2
579,3 747,2
579,3 747,2
579,3 747,2
579,4 747,2
579,3 747,2
579,3 747,2
579,3 747,2
579,3 747,2
579,3 747,2
579,3 747,2
579,3 747,2
579,3 747,2
579,3 747,2
579,3 747,2
579,3 747,2
579,4 747,2
579,4 747,2
579,4 747,2
579,3 747,2
579,4 747,2
579,4 747,2
579,3 747,2
579,4 747,2
579,4 747,2
579,3 747,2
579,4 747,2
579,3 747,2
579,3 747,2
579,3 747,2
579,3 747,2
579,3 747,2
579,3 747,2
579,3 747,2
579,4 747,2
579,3 747,2
579,3 747,2
579,3 747,2
579,3 747,2
579,4 747,2
579,3 747,2
579,3 747,2
579,3 747,2
579,3 747,2
579,3 747,2
579,3 747,2
579,3 747,2
579,3 747,2
579,3 747,2
579,3 747,2
579,3 747,2
579,3 747,2
579,3 747,2
579,3 747,2
579,3 747,2
579,3 747,2
579,3 747,2
579,3 747,2
579,3 747,2
579,3 747,2
579,3 747,2
579,3 747,2
579,3 747,2
579,3 747,2
579,3 747,2
579,4 747,2
579,3 747,2
579,4 747,2
579,3 747,2
579,3 747,2
579,3 747,2
579,3 747,2
579,3 747,2
579,3 747,2
579,4 747,2
579,3 747,2
579,3 747,2
579,3 747,2
579,3 747,2
579,4 747,2
579,3 747,2
579,3 747,2
579,3 747,2
579,3 747,2
579,3 747,2
579,3 747,2
579,3 747,2
579,3 747,2
579,3 747,2
579,3 747,2
579,3 747,2
579,3 747,2
579,4 747,2
579,3 747,2
579,4 747,2
579,3 747,2
579,3 747,2
579,3 747,2
579,3 747,2
579,4 747,2
579,4 747,2
579,4 747,2
579,4 747,2
579,4 747,2
579,4 747,2
579,4 747,2
579,4 747,2
579,4 747,2
579,4 747,2
579,4 747,2
579,4 747,2
579,4 747,2
579,4 747,2
579,4 747,2
579,4 747,2
579,4 747,2
579,4 747,2
579,4 747,2
579,4 747,2
579,4 747,2
579,4 747,2
579,4 747,2
579,4 747,2
579,4 747,2
579,4 747,2
579,4 747,2
579,4 747,2
579,4 747,2
579,4 747,2
579,4 747,2
579,4 747,2
579,4 747,2
579,3 747,2
579,3 747,2
579,4 747,2
579,4 747,2
579,4 747,2
579,3 747,2
579,4 747,2
579,4 747,2
579,3 747,2
579,3 747,2
579,3 747,2
579,3 747,2
579,4 747,2
579,3 747,2
579,4 747,2
579,3 747,2
579,4 747,2
579,3 747,2
579,3 747,2
579,4 747,2
579,4 747,2
579,4 747,2
579,4 747,2
579,4 747,2
579,4 747,2
579,4 747,2
579,4 747,2
579,4 747,2
579,4 747,2
579,4 747,2
579,4 747,2
579,4 747,2
579,4 747,2
579,4 747,2
579,4 747,2
579,4 747,2
579,4 747,2
579,4 747,2
579,4 747,2
579,4 747,2
579,4 747,2
579,4 747,2
579,4 747,2
579,4 747,2
579,4 747,2
579,4 747,2
579,4 747,2
579,4 747,2
579,4 747,2
579,4 747,2
579,4 747,2
579,4 747,2
579,4 747,2
579,4 747,2
579,4 747,2
579,4 747,2
579,4 747,2
579,4 747,2
579,4 747,2
579,4 747,2
579,4 747,2
579,4 747,2
579,4 747,2
579,4 747,2
579,4 747,2
579,4 747,2
579,4 747,2
579,4 747,2
579,4 747,2
579,4 747,2
579,4 747,2
579,4 747,2
579,4 747,2
579,4 747,2
579,4 747,2
579,4 747,2
579,4 747,2
579,4 747,2
579,4 747,2
579,4 747,2
579,4 747,2
579,4 747,2
579,4 747,2
579,4 747,2
579,4 747,2
579,4 747,2
579,4 747,2
579,3 747,2
579,4 747,2
579,3 747,2
579,4 747,2
579,3 747,2
579,3 747,2
579,3 747,2
579,3 747,2
579,3 747,2
579,3 747,2
579,3 747,2
579,3 747,2
579,3 747,2
579,3 747,2
579,3 747,2
579,3 747,2
579,3 747,2
579,3 747,2
579,3 747,2
579,3 747,2
579,3 747,2
579,3 747,2
579,3 747,2
579,4 747,2
579,3 747,2
579,3 747,2
579,3 747,2
579,3 747,2
579,4 747,2
579,3 747,2
579,3 747,2
579,3 747,2
579,3 747,2
579,3 747,2
579,3 747,2
579,3 747,2
579,3 747,2
579,3 747,2
579,3 747,2
579,3 747,2
579,3 747,2
579,3 747,2
579,3 747,2
579,3 747,2
579,3 747,2
579,3 747,2
579,3 747,2
579,3 747,2
579,3 747,2
579,3 747,2
579,3 747,2
579,3 747,2
579,3 747,2
579,3 747,2
579,3 747,2
579,3 747,2
579,3 747,2
579,3 747,2
579,3 747,2
579,3 747,2
579,3 747,2
579,3 747,2
579,3 747,2
579,3 747,2
579,3 747,2
579,3 747,2
579,3 747,2
579,3 747,2
579,3 747,2
579,3 747,2
579,3 747,2
579,4 747,2
579,3 747,2
579,3 747,2
579,3 747,2
579,3 747,2
579,3 747,2
579,3 747,2
579,3 747,2
579,3 747,2
579,3 747,2
579,3 747,2
579,3 747,2
579,3 747,2
579,3 747,2
579,4 747,2
579,3 747,2
579,4 747,2
579,3 747,2
579,3 747,2
579,3 747,2
579,3 747,2
579,3 747,2
579,3 747,2
579,3 747,2
579,3 747,2
579,3 747,2
579,3 747,2
579,3 747,2
579,4 747,2
575,7 747,2
575,7 747,2
575,7 747,2
575,7 747,2
575,7 747,2
575,8 747,2
575,8 747,2
575,8 747,2
575,8 747,2
575,8 747,2
575,8 747,2
575,8 747,2
575,8 747,2
575,8 747,2
575,8 747,2
575,8 747,2
579,3 747,2
579,3 747,2
579,3 747,2
579,3 747,2
579,3 747,2
579,3 747,2
579,3 747,2
579,3 747,2
579,3 747,2
579,3 747,2
579,3 747,2
579,3 747,2
579,3 747,2
579,4 747,2
579,3 747,2
579,3 747,2
579,3 747,2
579,3 747,2
579,3 747,2
579,3 747,2
579,3 747,2
579,4 747,2
579,4 747,2
579,3 747,2
579,3 747,2
579,4 747,2
579,3 747,2
579,4 747,2
579,3 747,2
579,4 747,2
579,4 747,2
579,3 747,2
579,4 747,2
579,4 747,2
579,3 747,2
579,3 747,2
579,4 747,2
579,4 747,2
579,3 747,2
579,4 747,2
579,3 747,2
579,4 747,2
579,4 747,2
579,3 747,2
579,3 747,2
579,3 747,2
579,3 747,2
579,3 747,2
579,4 747,2
579,3 747,2
579,3 747,2
579,3 747,2
579,3 747,2
579,3 747,2
579,3 747,2
579,4 747,2
579,3 747,2
579,4 747,2
579,3 747,2
579,3 747,2
579,3 747,2
579,3 747,2
579,4 747,2
579,3 747,2
579,3 747,2
579,3 747,2
579,3 747,2
579,3 747,2
579,3 747,2
579,3 747,2
579,3 747,2
579,3 747,2
579,4 747,2
579,3 747,2
579,4 747,2
579,4 747,2
579,4 747,2
579,4 747,2
575,9 747,2
575,9 747,2
575,9 747,2
575,9 747,2
575,9 747,2
579,4 747,2
579,3 747,2
579,4 747,2
579,4 747,2
579,4 747,2
579,4 747,2
579,4 747,2
579,4 747,2
579,3 747,2
579,4 747,2
579,4 747,2
579,4 747,2
579,3 747,2
579,3 747,2
579,4 747,2
579,3 747,2
579,4 747,2
579,3 747,2
579,4 747,2
579,4 747,2
579,4 747,2
579,4 747,2
579,4 747,2
579,4 747,2
579,4 747,2
579,3 747,2
579,4 747,2
579,3 747,2
579,3 747,2
579,4 747,2
579,4 747,2
579,4 747,2
579,3 747,2
579,4 747,2
579,3 747,2
579,4 747,2
579,3 747,2
579,4 747,2
579,4 747,2
579,4 747,2
579,4 747,2
579,4 747,2
579,3 747,2
579,3 747,2
579,4 747,2
579,3 747,2
579,4 747,2
579,4 747,2
579,4 747,2
579,4 747,2
579,4 747,2
579,3 747,2
579,3 747,2
579,3 747,2
579,3 747,2
579,4 747,2
579,3 747,2
579,3 747,2
579,4 747,2
579,3 747,2
579,3 747,2
579,3 747,2
579,3 747,2
579,3 747,2
579,3 747,2
579,3 747,2
579,3 747,2
579,3 747,2
579,3 747,2
579,2 747,2
579,3 747,2
579,3 747,2
579,3 747,2
579,3 747,2
579,3 747,2
579,3 747,2
579,2 747,2
579,3 747,2
579,3 747,2
579,3 747,2
579,3 747,2
579,3 747,2
579,3 747,2
579,3 747,2
579,3 747,2
579,3 747,2
579,3 747,2
579,3 747,2
579,3 747,2
579,3 747,2
579,3 747,2
579,3 747,2
579,3 747,2
579,3 747,2
579,3 747,2
579,3 747,2
579,3 747,2
579,3 747,2
579,3 747,2
579,3 747,2
579,3 747,2
579,3 747,2
579,3 747,2
579,3 747,2
579,3 747,2
579,3 747,2
579,3 747,2
579,3 747,2
579,3 747,2
579,3 747,2
579,3 747,2
579,3 747,2
579,3 747,2
579,3 747,2
579,3 747,2
579,3 747,2
579,3 747,2
579,3 747,2
579,3 747,2
579,3 747,2
579,3 747,2
579,3 747,2
579,3 747,2
579,3 747,2
579,3 747,2
579,3 747,2
579,3 747,2
579,3 747,2
579,3 747,2
579,3 747,2
579,3 747,2
579,3 747,2
579,3 747,2
579,3 747,2
579,3 747,2
579,3 747,2
579,3 747,2
579,3 747,2
579,3 747,2
579,3 747,2
579,3 747,2
579,3 747,2
579,3 747,2
579,3 747,2
579,3 747,2
579,3 747,2
579,3 747,2
579,3 747,2
579,3 747,2
579,3 747,2
579,3 747,2
579,3 747,2
579,3 747,2
579,3 747,2
579,3 747,2
579,3 747,2
579,3 747,2
579,3 747,2
579,3 747,2
577,3 747,2
577,3 747,2
574,7 747,2
574,7 747,2
574,8 747,2
574,7 747,2
573,7 747,2
573,7 747,2
573,7 747,2
573,7 747,2
573,7 747,2
573,7 747,2
573,7 747,2
573,7 747,2
573,7 747,2
573,7 747,2
573,7 747,2
573,7 747,2
573,7 747,2
573,7 747,2
573,7 747,2
573,7 747,2
573,7 747,2
573,7 747,2
573,6 747,2
573,7 747,2
573,7 747,2
573,7 747,2
573,7 747,2
573,6 747,2
573,7 747,2
573,7 747,2
573,7 747,2
573,7 747,2
573,7 747,2
573,7 747,2
573,7 747,2
573,7 747,2
573,6 747,2
573,7 747,2
573,6 747,2
573,6 747,2
573,6 747,2
573,6 747,2
573,6 747,2
573,7 747,2
573,7 747,2
573,6 747,2
573,6 747,2
573,6 747,2
573,6 747,2
573,7 747,2
573,6 747,2
573,6 747,2
573,6 747,2
573,6 747,2
573,6 747,2
573,6 747,2
573,6 747,2
573,6 747,2
573,6 747,2
573,6 747,2
573,6 747,2
573,6 747,2
573,6 747,2
573,6 747,2
573,6 747,2
573,6 747,2
573,6 747,2
573,6 747,2
573,7 747,2
573,6 747,2
573,6 747,2
573,6 747,2
573,6 747,2
573,6 747,2
573,6 747,2
573,6 747,2
573,6 747,2
573,6 747,2
573,6 747,2
573,6 747,2
573,6 747,2
573,6 747,2
573,6 747,2
573,6 747,2
573,6 747,2
573,6 747,4
574,2 747,4
574,2 747,4
574,2 747,4
574,2 747,4
574,2 747,4
574,2 747,4
574,2 747,4
574,2 747,4
574,3 747,4
574,2 747,4
574,2 747,4
574,3 747,4
